x	y	intensity	err intensity	velocity	err velocity	FWHM	err FWHM	rms	redchisq	resid
-0.3	-28.63	0.65	0.04	45.46	0.03	0.63	0.07	0.06	1.24	0.07
-4.237	-58.18	0.6	0.05	45.49	0.04	0.94	0.09	0.09	1.01	0.09
3.637	-14.84	0.8	0.03	45.73	0.02	1.38	0.05	0.06	1.51	0.07
11.512	-12.87	0.95	0.04	45.59	0.02	0.82	0.04	0.07	1.65	0.08
5.606	-3.02	1.45	0.05	45.54	0.03	1.01	0.07	0.08	0.78	0.07
3.637	-4.99	1.14	0.04	45.67	0.02	1.11	0.06	0.08	1.15	0.08
3.637	-8.93	1.45	0.03	45.7	0.01	0.85	0.02	0.05	2.03	0.06
5.606	-6.96	1.43	0.04	45.72	0.01	1.01	0.04	0.08	1.24	0.09
3.637	-6.96	1.36	0.03	45.71	0.01	0.96	0.03	0.06	1.98	0.08
5.606	-4.99	1.34	0.05	45.68	0.02	1.19	0.05	0.1	0.77	0.09
3.637	-10.9	1.25	0.03	45.71	0.01	0.88	0.03	0.05	1.63	0.07
5.606	-10.9	1.27	0.02	45.8	0.01	1.0	0.02	0.04	2.15	0.06
3.637	-3.02	1.13	0.04	45.52	0.02	0.98	0.05	0.08	0.75	0.06
7.575	-10.9	1.01	0.04	45.71	0.03	1.08	0.04	0.05	2.04	0.06
9.543	-10.9	1.0	0.02	45.65	0.01	1.06	0.03	0.05	3.41	0.09
3.637	4.86	1.99	0.03	45.31	0.01	0.83	0.02	0.06	2.35	0.08
3.637	6.83	1.92	0.03	45.23	0.01	0.97	0.02	0.06	2.92	0.1
5.606	2.89	1.65	0.1	45.28	0.01	0.58	0.04	0.07	1.16	0.07
3.637	0.92	1.89	0.04	45.38	0.01	0.66	0.02	0.06	1.37	0.07
5.606	0.92	1.88	0.09	45.3	0.01	0.55	0.03	0.07	0.92	0.06
5.606	-1.05	1.75	0.05	45.35	0.01	0.64	0.03	0.06	1.21	0.06
7.575	-1.05	1.55	0.07	45.33	0.02	0.62	0.04	0.07	1.06	0.06
13.48	0.92	1.78	0.04	45.32	0.01	0.85	0.02	0.07	1.83	0.09
11.512	0.92	1.72	0.03	45.42	0.01	1.06	0.02	0.06	3.2	0.11
11.512	-1.05	1.61	0.25	45.25	0.03	0.59	0.04	0.06	1.18	0.06
9.543	0.92	1.66	0.06	45.34	0.02	0.71	0.04	0.06	2.03	0.08
11.512	2.89	1.61	0.03	45.42	0.01	1.05	0.03	0.06	2.63	0.09
13.48	-3.02	1.5	0.04	45.36	0.01	0.75	0.02	0.06	1.73	0.08
3.637	-1.05	1.48	0.21	45.32	0.07	0.54	0.08	0.07	0.8	0.06
9.543	2.89	1.46	0.12	45.4	0.06	0.95	0.07	0.05	3.68	0.1
11.512	4.86	1.41	0.05	45.47	0.02	1.06	0.05	0.09	1.53	0.11
15.449	-1.05	1.38	0.04	45.34	0.01	0.68	0.02	0.06	1.97	0.08
15.449	0.92	1.37	0.04	45.29	0.01	0.77	0.03	0.07	1.72	0.09
13.48	2.89	1.49	0.18	45.18	0.07	0.67	0.09	0.07	1.79	0.09
9.543	-3.02	1.37	0.05	45.34	0.03	0.69	0.05	0.06	1.23	0.07
1.669	2.89	1.37	0.03	45.34	0.01	0.75	0.02	0.05	1.66	0.07
13.48	-4.99	1.27	0.03	45.41	0.01	0.81	0.02	0.05	2.55	0.08
15.449	-3.02	1.26	0.04	45.39	0.01	0.68	0.03	0.06	1.72	0.08
1.669	0.92	1.16	0.04	45.4	0.01	0.67	0.03	0.07	1.05	0.06
15.449	-4.99	1.14	0.05	45.44	0.01	0.73	0.03	0.07	1.45	0.08
15.449	-6.96	1.12	0.04	45.46	0.01	0.74	0.03	0.06	1.61	0.07
13.48	-8.93	1.1	0.04	45.49	0.01	0.83	0.03	0.07	1.12	0.07
11.512	-8.93	1.1	0.03	45.51	0.01	0.91	0.03	0.05	1.25	0.06
7.575	-3.02	1.1	0.31	45.33	0.09	0.7	0.1	0.08	0.74	0.07
11.512	-10.9	1.09	0.04	45.56	0.01	0.82	0.03	0.06	1.64	0.08
9.543	-8.93	1.09	0.03	45.6	0.01	1.07	0.03	0.05	2.2	0.08
7.575	-6.96	1.11	0.07	45.58	0.04	1.09	0.06	0.08	1.15	0.08
7.575	-8.93	1.09	0.05	45.61	0.05	1.0	0.07	0.05	1.22	0.05
9.543	-6.96	1.08	0.04	45.43	0.04	0.86	0.08	0.06	1.64	0.07
15.449	-8.93	1.06	0.05	45.49	0.02	0.75	0.04	0.08	1.02	0.07
13.48	-10.9	1.06	0.06	45.55	0.02	0.76	0.05	0.09	0.95	0.09
15.449	2.89	1.05	0.08	45.41	0.07	0.78	0.09	0.07	1.65	0.08
7.575	2.89	1.01	0.1	45.24	0.01	0.55	0.05	0.06	2.15	0.09
15.449	4.86	0.95	0.06	45.53	0.06	0.69	0.11	0.08	1.34	0.09
15.449	6.83	0.96	0.07	45.61	0.05	0.58	0.1	0.1	1.08	0.09
3.637	-12.87	0.93	0.03	45.74	0.02	1.1	0.04	0.06	1.63	0.08
15.449	-10.9	0.91	0.07	45.52	0.03	0.76	0.06	0.11	0.91	0.1
17.417	8.8	0.9	0.1	45.62	0.06	0.53	0.13	0.13	0.91	0.11
17.417	10.77	1.13	0.12	45.63	0.04	0.4	0.08	0.14	0.92	0.12
13.48	-12.87	0.88	0.06	45.57	0.03	0.76	0.06	0.1	1.24	0.11
17.417	-1.05	0.87	0.03	45.34	0.01	0.62	0.03	0.05	3.58	0.09
17.417	0.92	0.86	0.04	45.28	0.02	0.7	0.04	0.07	2.15	0.1
9.543	-12.87	0.85	0.03	45.69	0.02	1.17	0.05	0.06	2.16	0.08
17.417	-6.96	0.84	0.06	45.44	0.02	0.65	0.05	0.09	1.07	0.09
1.669	-1.05	0.83	0.05	45.42	0.02	0.66	0.05	0.08	0.73	0.07
17.417	-8.93	0.81	0.05	45.44	0.02	0.69	0.05	0.09	1.12	0.08
9.543	-36.51	1.08	0.03	45.65	0.01	0.85	0.03	0.05	1.64	0.07
5.606	-32.57	2.0	0.04	45.75	0.01	0.9	0.02	0.06	1.29	0.07
7.575	-30.6	1.9	0.03	45.83	0.01	0.86	0.02	0.05	1.86	0.07
7.575	-28.63	1.97	0.03	45.83	0.01	0.97	0.01	0.05	2.81	0.08
5.606	-26.66	1.88	0.04	45.76	0.01	1.2	0.03	0.08	1.41	0.09
7.575	-26.66	1.85	0.04	45.83	0.01	1.22	0.03	0.07	2.05	0.1
5.606	-34.54	1.78	0.04	45.69	0.01	0.97	0.02	0.07	1.35	0.08
3.637	-32.57	1.74	0.03	45.67	0.01	0.97	0.02	0.06	2.21	0.08
7.575	-24.69	1.73	0.04	45.85	0.02	1.41	0.04	0.09	2.23	0.13
5.606	-24.69	1.68	0.04	45.73	0.02	1.54	0.04	0.09	1.59	0.11
3.637	-34.54	1.67	0.03	45.62	0.01	1.06	0.02	0.05	2.13	0.08
7.575	-32.57	1.66	0.04	45.77	0.01	0.88	0.03	0.08	1.01	0.08
7.575	-22.72	1.59	0.04	45.88	0.02	1.43	0.04	0.09	2.7	0.14
7.575	-34.54	1.51	0.04	45.7	0.01	0.91	0.03	0.08	1.14	0.08
5.606	-22.72	1.48	0.03	45.71	0.02	1.72	0.04	0.07	2.34	0.1
9.543	-22.72	1.47	0.05	45.94	0.02	1.23	0.05	0.1	2.1	0.14
7.575	-20.75	1.41	0.04	45.89	0.02	1.41	0.04	0.08	3.18	0.14
9.543	-20.75	1.39	0.05	45.94	0.02	1.18	0.05	0.1	1.91	0.14
5.606	-20.75	1.33	0.02	45.73	0.01	1.69	0.03	0.05	3.28	0.09
5.606	-18.78	1.2	0.02	45.76	0.01	1.59	0.04	0.05	3.23	0.09
3.637	-20.75	1.1	0.02	45.58	0.02	1.83	0.04	0.05	2.41	0.08
3.637	-24.69	1.42	0.03	45.57	0.02	1.61	0.04	0.08	1.95	0.1
3.637	-22.72	1.28	0.02	45.56	0.01	1.8	0.03	0.05	2.63	0.08
11.512	-20.75	1.09	0.05	45.88	0.03	1.21	0.06	0.1	1.85	0.13
1.669	-52.27	2.16	0.03	45.54	0.0	0.74	0.01	0.05	2.83	0.08
1.669	-50.3	1.94	0.02	45.53	0.0	0.75	0.01	0.04	4.04	0.07
1.669	-54.24	1.92	0.04	45.54	0.01	0.81	0.02	0.07	1.89	0.09
-0.3	-52.27	1.9	0.03	45.56	0.01	0.7	0.01	0.05	2.18	0.07
-0.3	-54.24	1.7	0.04	45.54	0.01	0.76	0.02	0.06	1.65	0.08
-0.3	-50.3	1.65	0.03	45.56	0.0	0.69	0.01	0.04	2.29	0.06
1.669	-56.21	1.53	0.03	45.51	0.01	0.92	0.02	0.06	1.83	0.08
3.637	-54.24	1.52	0.04	45.48	0.01	1.05	0.03	0.08	1.39	0.09
3.637	-52.27	1.69	0.04	45.47	0.01	0.93	0.03	0.07	1.53	0.09
3.637	-50.3	1.65	0.03	45.48	0.01	0.87	0.02	0.05	2.71	0.09
3.637	-58.18	1.43	0.03	45.52	0.01	0.99	0.02	0.05	2.66	0.08
3.637	-62.12	1.64	0.03	45.5	0.01	1.18	0.02	0.05	4.38	0.1
3.637	-60.15	1.57	0.03	45.51	0.01	1.06	0.02	0.06	2.85	0.1
5.606	-62.12	1.48	0.03	45.49	0.01	1.16	0.02	0.05	3.36	0.09
5.606	-64.09	1.46	0.03	45.47	0.01	1.17	0.03	0.05	2.55	0.08
3.637	-48.33	1.43	0.03	45.48	0.01	0.87	0.02	0.06	2.38	0.09
1.669	-48.33	1.43	0.03	45.49	0.01	0.77	0.02	0.05	2.03	0.07
3.637	-56.21	1.4	0.03	45.51	0.01	1.04	0.03	0.06	2.14	0.09
5.606	-60.15	1.38	0.03	45.47	0.01	1.08	0.02	0.05	3.29	0.09
1.669	-58.18	1.37	0.03	45.46	0.01	0.96	0.02	0.05	2.03	0.07
3.637	-46.36	1.31	0.04	45.46	0.01	0.83	0.03	0.07	1.63	0.09
-0.3	-56.21	1.31	0.03	45.46	0.01	0.89	0.03	0.06	1.33	0.06
5.606	-46.36	1.25	0.04	45.52	0.01	0.8	0.03	0.07	1.76	0.09
3.637	-36.51	1.48	0.02	45.55	0.01	1.04	0.02	0.04	2.39	0.06
5.606	-38.48	1.46	0.03	45.62	0.01	0.82	0.02	0.05	1.54	0.06
5.606	-40.45	1.43	0.04	45.61	0.01	0.71	0.03	0.07	0.79	0.06
5.606	-42.42	1.37	0.05	45.57	0.01	0.72	0.03	0.08	0.56	0.06
5.606	-44.39	1.34	0.05	45.53	0.01	0.76	0.03	0.07	1.17	0.08
3.637	-38.48	1.31	0.02	45.54	0.01	0.87	0.02	0.04	2.27	0.06
3.637	-44.39	1.25	0.04	45.46	0.01	0.76	0.03	0.07	1.14	0.08
5.606	-58.18	1.23	0.03	45.46	0.01	1.08	0.03	0.05	3.12	0.09
5.606	-50.3	1.23	0.05	45.43	0.02	0.9	0.04	0.09	1.06	0.09
7.575	-40.45	1.22	0.04	45.67	0.01	0.78	0.03	0.07	1.08	0.07
7.575	-38.48	1.38	0.03	45.69	0.01	0.82	0.02	0.05	1.54	0.06
3.637	-40.45	1.22	0.03	45.55	0.01	0.73	0.02	0.05	1.61	0.06
5.606	-48.33	1.18	0.05	45.49	0.02	0.85	0.04	0.08	1.31	0.09
3.637	-42.42	1.16	0.04	45.51	0.01	0.72	0.03	0.06	1.05	0.06
-0.3	-48.33	1.15	0.04	45.53	0.01	0.67	0.03	0.06	1.45	0.07
-2.268	-52.27	1.12	0.04	45.58	0.01	0.82	0.03	0.06	1.23	0.07
1.669	-36.51	1.11	0.02	45.48	0.01	1.15	0.02	0.03	3.1	0.06
1.669	-46.36	1.1	0.04	45.42	0.01	0.73	0.03	0.06	1.64	0.08
1.669	-24.69	1.05	0.03	45.44	0.02	1.53	0.05	0.06	4.05	0.12
-2.268	-54.24	1.05	0.05	45.53	0.02	0.88	0.04	0.08	0.98	0.08
9.543	-34.54	1.03	0.04	45.64	0.02	0.9	0.04	0.07	1.2	0.08
7.575	-42.42	1.02	0.05	45.62	0.02	0.79	0.04	0.08	1.0	0.08
-2.268	-50.3	1.01	0.04	45.59	0.01	0.75	0.03	0.06	1.42	0.06
11.512	-22.72	1.0	0.05	45.88	0.04	1.39	0.08	0.11	1.51	0.14
9.543	-38.48	1.0	0.03	45.69	0.01	0.82	0.03	0.05	1.43	0.06
9.543	-32.57	0.96	0.05	45.61	0.05	0.83	0.1	0.08	0.88	0.07
1.669	-38.48	0.94	0.02	45.48	0.01	0.97	0.03	0.04	2.31	0.06
3.637	-18.78	0.93	0.02	45.64	0.02	1.73	0.05	0.06	1.84	0.08
7.575	-18.78	0.92	0.04	45.67	0.03	1.56	0.06	0.07	1.48	0.08
-2.268	-56.21	0.92	0.05	45.43	0.02	0.9	0.05	0.08	0.9	0.08
7.575	-44.39	0.9	0.05	45.57	0.02	0.78	0.05	0.08	1.64	0.1
1.669	-44.39	0.9	0.04	45.39	0.01	0.68	0.04	0.06	1.31	0.07
1.669	-22.72	0.89	0.02	45.47	0.02	1.81	0.05	0.05	4.62	0.1
9.543	-30.6	0.88	0.07	45.53	0.08	0.79	0.13	0.07	1.16	0.07
9.543	-18.78	0.83	0.05	45.67	0.05	1.35	0.08	0.09	0.9	0.08
1.669	-40.45	0.83	0.03	45.52	0.01	0.81	0.03	0.05	2.32	0.07
3.637	-16.81	0.82	0.03	45.69	0.02	1.56	0.06	0.06	1.46	0.07
7.575	-46.36	0.8	0.05	45.54	0.02	0.75	0.05	0.08	1.79	0.11
17.417	-3.02	0.79	0.05	45.4	0.02	0.64	0.05	0.08	1.43	0.09
-0.3	2.89	0.79	0.03	45.28	0.01	0.7	0.03	0.05	2.06	0.07
1.669	6.83	1.81	0.03	45.14	0.01	0.83	0.01	0.05	2.92	0.08
1.669	4.86	1.53	0.26	45.17	0.05	0.64	0.05	0.04	2.16	0.06
-0.3	4.86	1.07	0.03	45.2	0.01	0.72	0.02	0.04	2.82	0.07
-0.3	6.83	1.29	0.03	45.08	0.01	0.75	0.02	0.05	1.8	0.06
17.417	-4.99	0.77	0.07	45.44	0.03	0.65	0.07	0.11	0.97	0.1
17.417	2.89	0.77	0.05	45.38	0.06	0.73	0.11	0.07	2.19	0.09
11.512	-18.78	0.77	0.05	45.62	0.07	1.19	0.1	0.08	1.13	0.08
7.575	-48.33	0.77	0.06	45.49	0.03	0.75	0.07	0.1	0.73	0.08
17.417	6.83	0.76	0.08	45.67	0.06	0.56	0.14	0.11	1.03	0.1
9.543	-14.84	0.76	0.03	45.72	0.02	1.35	0.05	0.06	1.63	0.07
-2.268	6.83	0.76	0.03	45.1	0.01	0.74	0.03	0.05	1.59	0.06
1.669	-42.42	0.75	0.03	45.47	0.02	0.76	0.04	0.05	1.79	0.07
-0.3	-46.36	0.74	0.04	45.45	0.02	0.61	0.04	0.06	1.53	0.08
9.543	-40.45	0.73	0.04	45.69	0.02	0.89	0.05	0.07	1.58	0.08
17.417	4.86	0.71	0.07	45.55	0.11	0.75	0.18	0.08	1.73	0.1
11.512	-14.84	0.71	0.04	45.6	0.03	1.04	0.06	0.07	0.98	0.07
11.512	-16.81	0.7	0.03	45.67	0.03	1.25	0.06	0.06	0.76	0.05
1.669	-20.75	0.69	0.02	45.52	0.03	2.0	0.07	0.05	3.08	0.09
-2.268	4.86	0.68	0.04	45.19	0.02	0.62	0.04	0.05	1.57	0.07
19.386	2.89	0.66	0.05	45.28	0.03	0.75	0.06	0.08	2.73	0.12
1.669	-4.99	0.63	0.03	45.61	0.04	1.1	0.09	0.06	1.07	0.06
1.669	-8.93	1.12	0.03	45.57	0.01	0.87	0.03	0.05	1.71	0.06
1.669	-6.96	0.86	0.03	45.61	0.02	1.13	0.05	0.06	1.67	0.08
-4.237	-56.21	0.61	0.05	45.51	0.04	1.02	0.1	0.1	0.82	0.09
19.386	10.77	0.6	0.19	45.62	0.12	0.41	0.2	0.15	1.12	0.15
15.449	-12.87	0.6	0.06	45.45	0.05	1.04	0.13	0.12	1.11	0.13
13.48	-14.84	0.6	0.05	45.5	0.04	1.02	0.09	0.09	0.98	0.09
1.669	-60.15	1.33	0.03	45.35	0.02	0.99	0.05	0.06	1.19	0.06
1.669	-62.12	1.27	0.04	45.25	0.04	1.13	0.06	0.05	1.06	0.05
-0.3	-62.12	1.26	0.03	45.19	0.02	0.9	0.05	0.06	0.7	0.05
-0.3	-60.15	1.21	0.03	45.25	0.01	0.81	0.04	0.05	0.96	0.05
1.669	-64.09	1.17	0.04	45.3	0.03	1.22	0.04	0.05	0.94	0.05
3.637	-66.06	1.26	0.05	45.36	0.03	1.17	0.05	0.07	1.14	0.07
-0.3	-58.18	1.14	0.02	45.36	0.01	0.89	0.02	0.04	2.11	0.06
-0.3	-64.09	1.1	0.04	45.16	0.05	0.93	0.09	0.06	0.64	0.05
1.669	-66.06	1.05	0.04	45.37	0.03	1.2	0.04	0.06	1.27	0.06
3.637	-64.09	1.04	0.21	45.23	0.17	1.15	0.17	0.05	1.43	0.06
1.669	-68.03	0.93	0.05	45.3	0.04	1.12	0.06	0.07	1.21	0.07
-0.3	-66.06	0.88	0.05	45.35	0.04	1.2	0.06	0.07	0.87	0.06
-2.268	-66.06	0.8	0.04	45.33	0.03	1.22	0.07	0.09	0.72	0.07
-2.268	-60.15	0.72	0.06	45.45	0.09	0.74	0.14	0.05	1.38	0.06
-0.3	-68.03	0.7	0.05	45.34	0.05	1.15	0.07	0.07	1.33	0.08
-4.237	-66.06	0.6	0.03	45.34	0.04	1.39	0.09	0.08	1.2	0.08
-2.268	-68.03	0.68	0.03	45.41	0.03	1.26	0.07	0.07	1.05	0.07
17.417	-10.9	0.57	0.06	45.38	0.05	1.02	0.13	0.12	0.95	0.11
19.386	4.86	0.56	0.11	45.52	0.19	0.77	0.27	0.07	3.59	0.13
-4.237	-68.03	0.56	0.04	45.44	0.05	1.59	0.12	0.08	0.87	0.08
-4.237	-54.24	0.56	0.04	45.49	0.04	1.24	0.1	0.08	0.94	0.08
1.669	-3.02	0.55	0.04	45.49	0.04	0.88	0.09	0.08	0.68	0.06
19.386	0.92	0.53	0.05	45.27	0.03	0.62	0.07	0.07	2.01	0.1
19.386	8.8	0.53	0.12	45.7	0.1	0.47	0.21	0.16	1.09	0.15
19.386	6.83	0.54	0.1	45.76	0.06	0.45	0.14	0.12	1.56	0.14
1.669	-18.78	0.52	0.02	45.58	0.04	2.13	0.1	0.06	2.22	0.08
-0.3	-22.72	0.51	0.02	45.44	0.04	1.79	0.08	0.05	2.32	0.08
-0.3	0.92	0.5	0.04	45.35	0.03	0.67	0.07	0.07	1.2	0.07
-2.268	-70.0	0.5	0.03	45.44	0.04	1.31	0.1	0.07	1.37	0.08
1.669	-14.84	0.49	0.03	45.62	0.04	1.45	0.1	0.07	1.25	0.07
-0.3	-44.39	0.48	0.03	45.44	0.02	0.67	0.05	0.05	1.75	0.06
-4.237	-62.12	0.48	0.03	45.55	0.06	0.81	0.13	0.05	1.09	0.05
-2.268	2.89	0.47	0.03	45.2	0.02	0.61	0.05	0.05	1.83	0.06
15.449	-16.81	0.46	0.04	45.4	0.05	1.24	0.13	0.09	1.88	0.12
15.449	-18.78	0.52	0.03	45.47	0.04	1.36	0.1	0.08	3.19	0.13
-2.268	-46.36	0.46	0.08	45.34	0.07	0.36	0.12	0.08	1.48	0.09
-2.268	-48.33	0.56	0.18	45.36	0.12	0.43	0.17	0.07	1.28	0.08
19.386	-1.05	0.45	0.05	45.28	0.03	0.61	0.07	0.07	1.9	0.09
9.543	-42.42	0.45	0.03	45.62	0.04	1.15	0.1	0.07	2.2	0.1
15.449	-14.84	0.44	0.06	45.35	0.08	1.19	0.18	0.12	1.02	0.12
19.386	-4.99	0.43	0.08	45.33	0.05	0.62	0.13	0.12	0.88	0.11
19.386	-6.96	0.56	0.07	45.33	0.04	0.58	0.08	0.1	1.1	0.1
19.386	-8.93	0.55	0.06	45.31	0.04	0.67	0.08	0.09	1.32	0.1
17.417	-18.78	0.43	0.05	45.39	0.07	1.23	0.17	0.11	2.01	0.14
19.386	-18.78	0.45	0.07	45.36	0.09	1.08	0.2	0.14	1.03	0.14
1.669	-16.81	0.43	0.02	45.64	0.05	2.01	0.12	0.06	1.28	0.07
-4.237	-70.0	0.42	0.05	45.41	0.09	1.66	0.22	0.12	0.75	0.1
-4.237	6.83	0.42	0.03	45.11	0.03	0.86	0.08	0.06	1.14	0.06
17.417	-12.87	0.41	0.06	45.23	0.09	1.36	0.22	0.13	1.0	0.12
17.417	-16.81	0.4	0.06	45.31	0.09	1.16	0.21	0.13	1.22	0.14
-0.3	-42.42	0.4	0.03	45.51	0.03	0.83	0.06	0.04	2.7	0.07
19.386	-3.02	0.38	0.06	45.32	0.05	0.65	0.12	0.09	0.99	0.09
-0.3	-20.75	0.36	0.02	45.6	0.06	2.38	0.14	0.05	2.14	0.08
9.543	-44.39	0.35	0.04	45.52	0.05	0.96	0.12	0.07	2.65	0.11
-4.237	4.86	0.35	0.04	45.2	0.05	0.78	0.11	0.07	1.05	0.07
11.512	-40.45	0.34	0.04	45.58	0.05	0.93	0.12	0.07	1.6	0.08
11.512	-38.48	0.54	0.04	45.6	0.03	0.79	0.07	0.06	1.19	0.07
-0.3	-1.05	0.3	0.06	45.46	0.05	0.48	0.12	0.08	0.71	0.06
-0.3	-4.99	0.28	0.03	45.37	0.05	1.08	0.13	0.05	1.28	0.05
-0.3	-8.93	0.78	0.03	45.4	0.02	0.9	0.04	0.06	1.51	0.06
-0.3	-6.96	0.54	0.03	45.39	0.03	1.08	0.08	0.06	1.58	0.08
-4.237	2.89	0.24	0.03	45.17	0.06	0.99	0.14	0.05	1.24	0.06
-2.268	0.92	0.22	0.03	45.23	0.06	0.79	0.14	0.05	1.05	0.05
-4.237	-52.27	0.6	0.04	45.66	0.05	0.84	0.11	0.06	0.7	0.05
-2.268	-62.12	0.58	0.07	45.62	0.1	0.69	0.15	0.06	0.86	0.05
-2.268	-64.09	0.56	0.1	45.67	0.15	0.78	0.22	0.07	0.68	0.06
-2.268	-8.93	0.52	0.03	45.31	0.03	0.86	0.06	0.05	1.88	0.07
-2.268	-10.9	0.44	0.02	45.31	0.02	0.77	0.04	0.04	1.8	0.05
-2.268	-6.96	0.41	0.03	45.26	0.03	0.89	0.08	0.06	1.85	0.07
-16.048	-8.93	0.41	0.06	45.09	0.03	0.41	0.07	0.07	1.49	0.09
-16.048	-6.96	0.41	0.07	45.07	0.04	0.43	0.09	0.09	1.08	0.09
-18.017	-6.96	0.39	0.07	45.09	0.04	0.47	0.1	0.09	1.3	0.1
-18.017	-8.93	0.38	0.07	45.11	0.03	0.4	0.08	0.08	2.06	0.11
-14.08	-6.96	0.37	0.06	45.07	0.04	0.47	0.09	0.07	0.95	0.07
-14.08	-8.93	0.36	0.06	45.07	0.04	0.45	0.1	0.08	0.82	0.07
-18.017	-4.99	0.35	0.06	45.02	0.04	0.49	0.1	0.09	1.32	0.09
-16.048	-4.99	0.33	0.06	45.0	0.05	0.44	0.11	0.08	1.26	0.08
-12.111	-6.96	0.31	0.05	45.06	0.05	0.54	0.12	0.06	1.18	0.06
-12.111	-4.99	0.3	0.04	45.04	0.06	0.66	0.14	0.06	0.75	0.05
-8.174	-3.02	0.37	0.03	45.12	0.05	1.04	0.13	0.06	0.95	0.06
-8.174	-4.99	0.36	0.03	45.08	0.06	0.91	0.13	0.04	1.6	0.05
-8.174	-1.05	0.34	0.04	45.13	0.06	1.0	0.16	0.07	0.64	0.05
-6.206	-4.99	0.33	0.03	45.12	0.04	1.02	0.09	0.05	1.69	0.06
-6.206	-3.02	0.33	0.03	45.17	0.04	1.12	0.11	0.05	1.36	0.05
-10.143	-4.99	0.33	0.03	45.07	0.07	0.86	0.17	0.05	0.92	0.05
-10.143	-3.02	0.32	0.04	45.08	0.08	0.94	0.2	0.07	0.84	0.06
-10.143	-1.05	0.32	0.04	45.06	0.09	0.83	0.2	0.07	0.79	0.06
-4.237	-6.96	0.31	0.03	45.21	0.04	0.93	0.09	0.05	2.52	0.07
-19.986	-6.96	0.3	0.05	45.13	0.05	0.55	0.12	0.08	1.7	0.1
-19.986	-4.99	0.3	0.07	45.02	0.06	0.56	0.14	0.09	0.92	0.09
-6.206	-1.05	0.29	0.03	45.22	0.07	1.17	0.18	0.06	0.66	0.05
-6.206	-6.96	0.28	0.02	45.16	0.04	0.93	0.09	0.04	3.24	0.07
-14.08	-4.99	0.28	0.06	45.02	0.06	0.52	0.15	0.08	0.88	0.07
-4.237	-4.99	0.26	0.03	45.13	0.05	0.98	0.11	0.05	2.06	0.06
-10.143	-6.96	0.26	0.04	45.09	0.14	0.8	0.27	0.06	1.39	0.06
-2.268	-4.99	0.22	0.02	45.19	0.05	0.94	0.12	0.04	2.09	0.06
-4.237	-8.93	0.31	0.03	45.29	0.04	0.89	0.1	0.05	1.88	0.07
7.575	4.86	1.67	0.03	45.66	0.03	1.39	0.06	0.06	2.44	0.09
7.575	0.92	1.79	0.03	45.78	0.01	1.5	0.03	0.07	4.43	0.15
7.575	6.83	1.58	0.03	45.75	0.02	1.6	0.05	0.07	1.94	0.09
3.637	-26.66	1.56	0.04	45.62	0.02	1.13	0.04	0.08	2.15	0.11
9.543	4.86	1.53	0.04	45.6	0.03	1.28	0.06	0.08	1.92	0.11
5.606	-70.0	1.49	0.05	45.31	0.02	1.15	0.05	0.1	1.32	0.12
9.543	-1.05	1.49	0.03	45.6	0.01	1.25	0.03	0.06	3.98	0.12
9.543	6.83	1.41	0.05	45.63	0.03	1.4	0.08	0.1	2.02	0.13
7.575	-68.03	1.29	0.26	45.55	0.05	0.57	0.06	0.07	1.6	0.08
7.575	-70.0	1.52	0.22	45.57	0.04	0.53	0.06	0.1	1.07	0.09
7.575	8.8	1.27	0.03	45.74	0.03	1.86	0.08	0.08	2.53	0.12
9.543	8.8	1.07	0.03	45.65	0.03	1.97	0.07	0.09	2.64	0.14
13.48	-6.96	1.02	0.13	45.31	0.08	0.67	0.1	0.05	2.55	0.07
5.606	-16.81	1.0	0.05	45.36	0.03	0.68	0.06	0.06	2.25	0.08
11.512	-4.99	0.99	0.09	45.57	0.09	0.79	0.12	0.06	1.91	0.08
5.606	-12.87	0.98	0.08	46.03	0.07	0.83	0.1	0.05	2.15	0.07
7.575	-16.81	0.96	0.04	45.36	0.02	0.69	0.05	0.05	2.58	0.08
11.512	-6.96	0.94	0.19	45.26	0.1	0.65	0.11	0.05	1.88	0.07
9.543	-4.99	0.91	0.12	45.75	0.12	0.8	0.16	0.07	1.34	0.07
5.606	-14.84	0.86	0.05	45.37	0.03	0.58	0.05	0.05	2.32	0.08
7.575	-14.84	0.86	0.04	45.36	0.02	0.56	0.05	0.05	2.52	0.08
11.512	-3.02	0.82	0.23	45.64	0.21	0.85	0.24	0.06	1.51	0.07
13.48	10.77	0.81	0.05	45.13	0.06	1.34	0.1	0.09	1.18	0.09
13.48	8.8	0.86	0.05	45.34	0.04	1.42	0.09	0.1	1.33	0.12
-0.3	-24.69	0.78	0.03	45.44	0.03	0.8	0.06	0.05	2.62	0.08
1.669	-12.87	0.75	0.03	45.6	0.02	0.92	0.05	0.06	1.39	0.07
7.575	-12.87	0.75	0.08	45.38	0.03	0.51	0.06	0.06	1.75	0.08
9.543	-16.81	0.75	0.04	45.39	0.04	0.79	0.09	0.06	1.26	0.06
-0.3	-34.54	0.67	0.1	45.68	0.06	0.83	0.09	0.05	1.15	0.06
9.543	-70.0	1.85	0.04	45.27	0.01	0.99	0.03	0.08	2.19	0.11
9.543	-68.03	1.82	0.03	45.24	0.01	0.97	0.02	0.05	3.5	0.1
11.512	-68.03	1.62	0.05	45.19	0.01	0.96	0.03	0.09	1.27	0.1
11.512	-70.0	1.6	0.07	45.2	0.02	1.0	0.05	0.13	1.1	0.13
9.543	-66.06	1.58	0.04	45.24	0.01	0.96	0.03	0.07	1.72	0.08
7.575	-66.06	1.46	0.04	45.31	0.01	1.07	0.03	0.07	1.63	0.09
11.512	-66.06	1.44	0.04	45.18	0.01	0.94	0.03	0.07	1.08	0.07
9.543	-64.09	1.29	0.04	45.23	0.01	0.94	0.03	0.07	1.61	0.08
7.575	-64.09	1.29	0.03	45.36	0.01	1.11	0.03	0.06	2.39	0.09
13.48	-68.03	1.23	0.07	45.15	0.03	1.0	0.07	0.13	0.81	0.12
11.512	-64.09	1.2	0.04	45.13	0.01	0.87	0.04	0.08	1.2	0.08
7.575	-62.12	1.19	0.03	45.37	0.01	1.14	0.04	0.07	2.07	0.09
13.48	-66.06	1.18	0.05	45.12	0.02	0.96	0.05	0.1	0.79	0.08
13.48	-70.0	1.16	0.08	45.17	0.04	1.13	0.09	0.17	0.92	0.16
11.512	-62.12	1.15	0.04	45.07	0.01	0.74	0.03	0.07	1.44	0.07
11.512	-60.15	1.14	0.05	45.07	0.01	0.75	0.03	0.07	1.61	0.08
9.543	-62.12	1.14	0.04	45.2	0.01	0.9	0.04	0.07	1.67	0.08
13.48	-60.15	1.13	0.04	45.02	0.01	0.7	0.03	0.07	1.76	0.08
7.575	-60.15	1.11	0.03	45.34	0.01	1.1	0.04	0.06	2.35	0.09
13.48	-62.12	1.09	0.04	45.01	0.01	0.71	0.03	0.06	1.59	0.07
9.543	-60.15	1.09	0.04	45.18	0.01	0.89	0.04	0.07	1.72	0.08
13.48	-64.09	1.07	0.04	45.05	0.01	0.85	0.04	0.07	1.33	0.07
9.543	-58.18	1.07	0.04	45.18	0.02	0.89	0.04	0.07	1.73	0.09
7.575	-54.24	1.2	0.04	45.28	0.02	1.11	0.04	0.07	1.93	0.09
5.606	-56.21	1.19	0.03	45.41	0.01	1.2	0.04	0.06	2.0	0.09
9.543	-54.24	1.17	0.04	45.25	0.02	0.94	0.04	0.07	1.57	0.09
9.543	-56.21	1.15	0.04	45.21	0.01	0.91	0.04	0.07	1.77	0.09
7.575	-56.21	1.13	0.04	45.29	0.02	1.13	0.04	0.07	1.98	0.1
7.575	-52.27	1.08	0.05	45.33	0.02	1.0	0.05	0.09	0.92	0.09
11.512	-58.18	1.05	0.05	45.11	0.02	0.86	0.04	0.08	1.46	0.08
7.575	-58.18	1.04	0.03	45.31	0.02	1.1	0.04	0.06	2.35	0.1
15.449	-60.15	1.01	0.05	45.05	0.02	0.79	0.04	0.08	1.22	0.08
19.386	-60.15	1.5	0.08	45.23	0.01	0.57	0.04	0.12	1.31	0.13
19.386	-62.12	1.4	0.08	45.25	0.02	0.66	0.05	0.13	1.21	0.14
19.386	-58.18	1.31	0.07	45.17	0.02	0.62	0.04	0.11	1.24	0.11
17.417	-60.15	1.16	0.06	45.16	0.02	0.74	0.04	0.09	1.4	0.11
17.417	-58.18	1.11	0.05	45.13	0.02	0.75	0.04	0.09	1.35	0.1
19.386	-56.21	1.12	0.04	45.14	0.02	0.92	0.04	0.08	2.68	0.11
17.417	-62.12	1.09	0.05	45.14	0.02	0.95	0.05	0.09	1.45	0.1
17.417	-56.21	1.0	0.04	45.14	0.02	1.01	0.05	0.08	1.85	0.09
13.48	-58.18	1.0	0.04	45.07	0.02	0.88	0.04	0.08	1.72	0.08
15.449	-58.18	0.99	0.04	45.08	0.02	0.85	0.04	0.08	1.65	0.09
11.512	-56.21	0.98	0.04	45.17	0.02	0.95	0.04	0.07	1.51	0.07
15.449	-62.12	0.96	0.04	45.03	0.02	0.89	0.04	0.07	1.09	0.07
15.449	-64.09	0.95	0.04	45.04	0.02	0.99	0.05	0.08	1.11	0.08
17.417	-64.09	0.92	0.06	45.07	0.04	1.09	0.09	0.12	0.78	0.1
9.543	-52.27	0.92	0.06	45.27	0.03	1.0	0.08	0.11	0.73	0.09
15.449	-66.06	0.91	0.05	45.07	0.03	1.08	0.07	0.11	1.04	0.11
11.512	-54.24	0.91	0.04	45.21	0.02	1.04	0.05	0.08	1.21	0.08
19.386	-64.09	0.9	0.09	45.15	0.05	0.94	0.11	0.17	0.82	0.15
15.449	-56.21	0.86	0.04	45.12	0.03	1.12	0.06	0.08	1.38	0.09
13.48	-56.21	0.84	0.04	45.12	0.02	1.08	0.06	0.08	1.4	0.08
17.417	-54.24	0.83	0.05	45.19	0.03	1.24	0.08	0.1	1.6	0.11
19.386	-54.24	0.92	0.04	45.2	0.03	1.3	0.06	0.08	3.08	0.13
15.449	-68.03	0.83	0.06	45.13	0.05	1.22	0.11	0.14	1.21	0.14
19.386	-52.27	0.77	0.05	45.15	0.05	1.33	0.11	0.12	1.71	0.13
15.449	-70.0	0.76	0.07	45.24	0.06	1.47	0.15	0.15	1.58	0.18
17.417	-66.06	0.73	0.07	44.98	0.05	1.15	0.12	0.14	1.08	0.14
13.48	-54.24	0.72	0.04	45.12	0.03	1.22	0.08	0.08	1.34	0.08
15.449	-54.24	0.71	0.04	45.13	0.04	1.29	0.09	0.09	1.29	0.1
11.512	-52.27	0.7	0.06	45.15	0.05	1.2	0.12	0.12	0.77	0.1
17.417	-52.27	0.65	0.05	45.15	0.05	1.21	0.11	0.11	1.52	0.12
17.417	-68.03	0.63	0.06	45.0	0.06	1.26	0.15	0.14	1.96	0.18
19.386	-66.06	0.6	0.08	45.0	0.07	1.12	0.17	0.16	1.17	0.17
13.48	-52.27	0.58	0.05	45.01	0.05	1.32	0.13	0.11	1.13	0.1
9.543	-50.3	0.58	0.08	45.3	0.06	0.97	0.14	0.14	0.49	0.09
19.386	-68.03	0.56	0.07	45.04	0.07	1.12	0.17	0.15	1.94	0.2
17.417	-70.0	0.56	0.06	45.23	0.08	1.51	0.18	0.14	2.61	0.21
15.449	-52.27	0.55	0.04	45.03	0.05	1.35	0.12	0.09	1.6	0.11
19.386	-70.0	0.54	0.06	45.11	0.06	1.07	0.15	0.13	2.39	0.19
11.512	-50.3	0.46	0.07	45.0	0.09	1.2	0.22	0.15	0.58	0.11
9.543	-48.33	0.4	0.08	45.38	0.07	0.76	0.17	0.13	0.61	0.1
5.606	-52.27	1.27	0.05	45.38	0.02	1.04	0.04	0.09	1.06	0.09
5.606	-54.24	1.24	0.04	45.37	0.02	1.21	0.04	0.07	1.27	0.08
7.575	-50.3	0.89	0.06	45.4	0.03	0.82	0.07	0.11	0.5	0.08
9.543	-46.36	0.33	0.05	45.43	0.06	0.75	0.14	0.09	1.57	0.11
3.637	-68.03	1.17	0.05	45.14	0.05	0.91	0.1	0.08	0.99	0.07
3.637	-70.0	1.13	0.07	45.09	0.05	0.77	0.11	0.1	0.77	0.08
19.386	-50.3	0.82	0.09	45.01	0.04	0.78	0.09	0.14	1.39	0.14
19.386	-48.33	0.85	0.14	44.99	0.04	0.46	0.09	0.18	0.99	0.16
1.669	-70.0	0.81	0.07	45.13	0.07	0.77	0.15	0.11	0.84	0.09
17.417	-50.3	0.67	0.08	45.08	0.03	0.57	0.08	0.11	1.55	0.12
9.543	-28.63	0.93	0.05	45.37	0.04	0.65	0.07	0.06	1.84	0.08
11.512	-28.63	0.79	0.05	45.26	0.02	0.49	0.05	0.06	2.02	0.09
11.512	-26.66	0.79	0.04	45.27	0.04	0.78	0.09	0.07	1.9	0.09
11.512	-30.6	0.66	0.05	45.27	0.03	0.46	0.06	0.06	1.79	0.08
11.512	-32.57	0.59	0.09	45.28	0.04	0.46	0.07	0.06	1.44	0.07
13.48	-26.66	0.56	0.03	45.29	0.03	1.05	0.07	0.06	1.73	0.08
13.48	-24.69	0.55	0.05	45.27	0.08	1.18	0.2	0.1	0.73	0.08
13.48	-32.57	0.52	0.05	45.26	0.02	0.45	0.05	0.06	1.49	0.07
13.48	-34.54	0.51	0.05	45.3	0.02	0.41	0.05	0.06	1.24	0.06
13.48	-30.6	0.51	0.05	45.26	0.03	0.55	0.06	0.07	2.12	0.09
13.48	-28.63	0.49	0.04	45.29	0.04	0.87	0.08	0.07	1.95	0.09
15.449	-26.66	0.46	0.04	45.27	0.04	0.85	0.09	0.07	1.72	0.08
15.449	-24.69	0.45	0.05	45.29	0.06	1.05	0.15	0.11	0.78	0.08
13.48	-22.72	0.48	0.07	45.18	0.14	1.09	0.32	0.13	0.78	0.11
15.449	-30.6	0.42	0.06	45.21	0.03	0.45	0.08	0.08	1.93	0.1
15.449	-28.63	0.42	0.05	45.23	0.03	0.65	0.08	0.07	2.34	0.09
15.449	-32.57	0.4	0.08	45.21	0.04	0.38	0.08	0.09	1.18	0.08
17.417	-30.6	0.36	0.06	45.19	0.03	0.42	0.08	0.07	2.37	0.1
19.386	-32.57	0.37	0.1	45.19	0.04	0.3	0.09	0.1	1.44	0.12
17.417	-28.63	0.36	0.05	45.2	0.04	0.54	0.08	0.07	2.78	0.1
19.386	-30.6	0.34	0.06	45.21	0.03	0.38	0.07	0.07	2.49	0.1
15.449	-34.54	0.34	0.08	45.24	0.04	0.33	0.09	0.09	1.21	0.08
17.417	-26.66	0.32	0.05	45.26	0.06	0.8	0.15	0.09	1.39	0.09
13.48	-20.75	0.51	0.06	45.25	0.12	1.04	0.27	0.11	1.27	0.12
13.48	-18.78	0.6	0.04	45.29	0.06	0.86	0.14	0.07	1.91	0.09
13.48	-16.81	0.48	0.12	45.22	0.15	0.73	0.21	0.06	1.31	0.07
13.48	-36.51	0.46	0.06	45.35	0.03	0.42	0.06	0.07	1.17	0.07
11.512	-36.51	0.61	0.16	45.41	0.08	0.49	0.1	0.05	1.7	0.07
11.512	-34.54	0.61	0.03	45.47	0.02	0.75	0.05	0.05	1.7	0.07
-8.174	-20.75	0.47	0.05	45.16	0.05	1.1	0.13	0.09	0.89	0.09
-6.206	-20.75	0.44	0.05	45.25	0.05	1.04	0.12	0.09	0.97	0.08
-8.174	-18.78	0.44	0.04	45.19	0.04	1.1	0.1	0.07	1.15	0.07
-6.206	-18.78	0.4	0.04	45.25	0.04	0.98	0.1	0.07	1.25	0.07
-6.206	-22.72	0.39	0.04	45.26	0.05	1.06	0.12	0.08	1.26	0.08
-8.174	-22.72	0.39	0.04	45.11	0.06	1.12	0.14	0.08	1.11	0.08
-10.143	-20.75	0.41	0.04	45.06	0.07	1.31	0.16	0.09	0.94	0.09
-10.143	-18.78	0.38	0.03	45.15	0.05	1.4	0.12	0.06	1.23	0.07
-4.237	-22.72	0.37	0.03	45.37	0.04	1.04	0.1	0.06	1.89	0.08
-2.268	-24.69	0.41	0.03	45.36	0.04	1.11	0.08	0.05	1.65	0.07
-2.268	-22.72	0.39	0.02	45.41	0.03	1.23	0.08	0.05	2.49	0.07
-2.268	-26.66	0.37	0.03	45.32	0.04	1.11	0.1	0.06	1.06	0.06
-4.237	-20.75	0.36	0.03	45.36	0.05	1.09	0.11	0.06	1.78	0.08
-10.143	-22.72	0.36	0.04	44.96	0.07	1.23	0.16	0.09	1.1	0.09
-4.237	-24.69	0.34	0.04	45.33	0.05	0.94	0.12	0.07	1.28	0.07
-4.237	-26.66	0.33	0.04	45.29	0.05	0.86	0.12	0.07	0.83	0.06
-8.174	-16.81	0.33	0.02	45.23	0.04	1.26	0.1	0.05	1.59	0.06
-6.206	-24.69	0.31	0.04	45.23	0.06	1.03	0.14	0.07	1.19	0.07
-6.206	-16.81	0.31	0.03	45.25	0.04	0.83	0.1	0.05	1.38	0.06
-4.237	-18.78	0.28	0.03	45.33	0.05	1.1	0.13	0.06	2.08	0.08
-10.143	-24.69	0.28	0.04	44.99	0.09	1.22	0.21	0.09	1.41	0.09
-0.3	-30.6	0.64	0.04	45.5	0.02	0.66	0.06	0.06	1.13	0.06
17.417	-48.33	0.64	0.12	45.03	0.03	0.31	0.07	0.13	1.3	0.13
19.386	-46.36	0.63	0.17	44.98	0.05	0.41	0.12	0.2	0.79	0.17
19.386	-20.75	0.58	0.08	45.15	0.04	0.47	0.1	0.11	0.83	0.09
-12.111	-60.15	0.57	0.16	45.32	0.16	0.74	0.2	0.07	1.18	0.07
1.669	12.74	0.57	0.15	45.61	0.32	1.07	0.46	0.06	0.64	0.04
17.417	-20.75	0.55	0.08	45.11	0.04	0.5	0.1	0.11	1.13	0.1
-0.3	-70.0	0.53	0.06	45.1	0.08	0.71	0.17	0.1	1.03	0.09
15.449	-20.75	0.52	0.07	45.1	0.05	0.74	0.14	0.11	1.15	0.11
-4.237	-48.33	0.49	0.04	45.45	0.04	0.98	0.1	0.08	0.99	0.08
-2.268	-34.54	0.49	0.05	45.79	0.02	0.47	0.06	0.06	1.18	0.06
13.48	-50.3	0.46	0.06	44.81	0.08	1.19	0.19	0.13	0.89	0.12
-19.986	-28.63	0.45	0.05	45.01	0.05	0.82	0.12	0.09	0.96	0.08
-6.206	-62.12	0.45	0.04	45.76	0.03	0.78	0.08	0.06	0.94	0.05
19.386	-14.84	0.45	0.08	45.14	0.09	1.07	0.2	0.15	0.78	0.13
19.386	-12.87	0.45	0.05	45.01	0.07	1.25	0.17	0.11	1.12	0.11
-16.048	-20.75	0.44	0.05	45.14	0.07	1.23	0.19	0.1	0.66	0.08
-2.268	-32.57	0.44	0.04	45.69	0.03	0.62	0.07	0.05	1.52	0.06
19.386	-10.9	0.43	0.05	45.07	0.07	1.25	0.17	0.1	1.05	0.1
15.449	-22.72	0.42	0.06	45.4	0.1	1.37	0.23	0.13	0.69	0.11
-16.048	-26.66	0.39	0.06	45.23	0.09	0.98	0.24	0.1	0.87	0.09
-18.017	-22.72	0.49	0.07	45.51	0.06	0.75	0.14	0.12	0.73	0.09
-8.174	-54.24	0.39	0.03	45.08	0.05	1.05	0.12	0.06	1.13	0.06
19.386	-38.48	0.39	0.07	45.12	0.05	0.64	0.13	0.1	1.5	0.12
19.386	-36.51	0.44	0.11	45.16	0.05	0.43	0.13	0.14	1.25	0.15
-16.048	-24.69	0.38	0.05	45.51	0.1	1.66	0.23	0.11	0.87	0.1
-19.986	-32.57	0.51	0.03	45.12	0.06	2.17	0.13	0.08	3.48	0.14
-19.986	-30.6	0.46	0.04	45.26	0.08	2.0	0.18	0.09	1.77	0.12
-18.017	-30.6	0.43	0.03	45.34	0.06	1.98	0.15	0.07	1.58	0.09
-16.048	-22.72	0.41	0.04	45.42	0.1	1.83	0.23	0.11	0.81	0.1
-18.017	-32.57	0.4	0.03	45.15	0.09	2.3	0.21	0.09	0.97	0.09
-16.048	-28.63	0.4	0.04	45.48	0.07	1.57	0.16	0.08	1.12	0.09
-18.017	-28.63	0.39	0.04	45.44	0.08	1.65	0.19	0.09	1.31	0.11
-4.237	-46.36	0.38	0.05	45.34	0.05	0.86	0.12	0.08	1.33	0.09
-19.986	-56.21	0.37	0.07	45.6	0.07	0.77	0.17	0.11	1.4	0.13
-18.017	-24.69	0.37	0.05	45.53	0.11	1.13	0.28	0.11	0.83	0.09
-16.048	-30.6	0.37	0.03	45.38	0.08	1.88	0.17	0.08	0.77	0.07
19.386	-22.72	0.37	0.05	45.45	0.08	1.15	0.2	0.11	0.84	0.09
-14.08	-28.63	0.36	0.04	45.52	0.07	1.43	0.17	0.09	1.1	0.09
-14.08	-22.72	0.36	0.04	45.31	0.1	2.14	0.25	0.1	0.99	0.09
-14.08	-20.75	0.36	0.03	45.17	0.1	2.52	0.23	0.08	1.11	0.09
-16.048	-18.78	0.35	0.05	45.04	0.08	1.14	0.2	0.09	0.67	0.07
-14.08	-34.54	0.33	0.06	45.71	0.03	0.33	0.07	0.06	1.77	0.08
-19.986	-24.69	0.37	0.07	45.64	0.07	0.6	0.18	0.1	1.43	0.11
-18.017	-42.42	0.33	0.07	45.68	0.05	0.46	0.12	0.09	1.59	0.11
-16.048	-34.54	0.33	0.08	45.75	0.05	0.38	0.11	0.09	0.44	0.06
-12.111	-20.75	0.33	0.03	45.06	0.09	2.23	0.22	0.08	1.09	0.08
-2.268	-30.6	0.32	0.04	45.58	0.07	0.73	0.15	0.07	1.27	0.07
13.48	-38.48	0.32	0.06	45.41	0.05	0.53	0.12	0.09	0.7	0.07
-16.048	-32.57	0.31	0.03	45.13	0.12	2.25	0.28	0.1	0.52	0.07
-14.08	-30.6	0.31	0.03	45.36	0.09	1.73	0.22	0.08	0.81	0.07
-12.111	-22.72	0.31	0.03	45.11	0.1	1.85	0.23	0.09	1.21	0.09
-14.08	-12.87	0.32	0.03	45.4	0.07	1.72	0.16	0.06	1.0	0.06
-12.111	-14.84	0.31	0.02	45.41	0.06	1.93	0.15	0.05	1.17	0.06
-4.237	-32.57	0.31	0.03	45.63	0.04	0.78	0.09	0.05	2.72	0.07
-14.08	-14.84	0.3	0.02	45.35	0.06	1.92	0.14	0.05	1.26	0.05
-10.143	-16.81	0.3	0.02	45.28	0.05	1.75	0.13	0.05	1.32	0.05
-12.111	-12.87	0.3	0.03	45.43	0.08	1.88	0.19	0.07	0.82	0.06
-6.206	-34.54	0.3	0.03	45.56	0.06	0.9	0.14	0.06	1.18	0.06
-4.237	-44.39	0.3	0.04	45.28	0.05	0.78	0.11	0.06	1.71	0.08
-2.268	-28.63	0.3	0.03	45.19	0.07	1.42	0.17	0.07	1.11	0.07
-14.08	-18.78	0.29	0.02	45.2	0.1	2.93	0.23	0.06	1.54	0.08
-12.111	-28.63	0.29	0.04	45.44	0.09	1.31	0.21	0.09	0.98	0.09
-12.111	-18.78	0.29	0.02	45.14	0.08	2.62	0.19	0.05	1.63	0.07
-16.048	-12.87	0.28	0.03	45.47	0.06	1.41	0.14	0.06	1.74	0.07
-14.08	-10.9	0.28	0.03	45.58	0.1	1.79	0.24	0.09	0.91	0.08
-10.143	-14.84	0.28	0.02	45.47	0.07	2.0	0.17	0.06	1.14	0.06
-8.174	-42.42	0.28	0.03	45.34	0.06	1.08	0.15	0.06	1.39	0.08
-16.048	-14.84	0.27	0.02	45.31	0.08	1.77	0.18	0.06	1.02	0.06
-12.111	-3.02	0.27	0.03	45.64	0.09	1.73	0.22	0.08	1.07	0.08
-10.143	12.74	0.3	0.04	44.93	0.12	1.96	0.32	0.1	0.71	0.08
-14.08	12.74	0.32	0.03	45.78	0.09	2.41	0.22	0.07	0.77	0.06
-19.986	18.65	0.31	0.03	45.69	0.1	2.02	0.23	0.09	1.28	0.09
-18.017	10.77	0.32	0.05	45.33	0.09	1.36	0.22	0.1	0.71	0.08
-10.143	16.68	0.39	0.03	45.37	0.1	1.91	0.25	0.07	1.33	0.08
-10.143	14.71	0.34	0.02	45.27	0.1	2.12	0.25	0.06	1.48	0.07
-10.143	18.65	0.34	0.04	45.49	0.17	1.73	0.31	0.07	1.31	0.07
-12.111	0.92	0.3	0.03	45.59	0.09	1.74	0.22	0.08	1.14	0.08
-12.111	2.89	0.3	0.03	45.69	0.1	2.04	0.23	0.08	1.24	0.09
-14.08	4.86	0.28	0.03	45.92	0.13	2.51	0.31	0.09	1.12	0.09
-10.143	2.89	0.28	0.03	45.53	0.1	2.09	0.24	0.08	1.25	0.08
-0.3	-14.84	0.27	0.04	45.43	0.06	0.96	0.15	0.06	0.87	0.06
-16.048	-10.9	0.26	0.03	45.59	0.07	1.33	0.17	0.06	2.33	0.09
-14.08	-54.24	0.26	0.05	45.71	0.05	0.55	0.12	0.07	1.5	0.08
-10.143	30.47	0.26	0.01	45.45	0.1	2.13	0.23	0.04	4.51	0.08
-4.237	-30.6	0.25	0.03	45.22	0.09	1.2	0.23	0.06	1.77	0.07
-4.237	-28.63	0.25	0.03	45.13	0.08	1.33	0.19	0.07	1.28	0.08
-14.08	-32.57	0.24	0.03	45.08	0.12	1.92	0.28	0.08	0.98	0.08
-10.143	-12.87	0.24	0.03	45.56	0.12	2.1	0.27	0.07	0.99	0.07
-18.017	-12.87	0.21	0.03	45.46	0.08	1.06	0.19	0.07	1.84	0.09
11.512	-42.42	0.19	0.03	45.38	0.08	1.12	0.19	0.05	3.27	0.1
