x	y	intensity	err intensity	velocity	err velocity	FWHM	err FWHM	rms	redchisq	resid
-4.237	24.56	0.38	0.05	45.92	0.02	0.32	0.06	0.05	2.03	0.06
-14.08	22.59	0.73	0.03	46.3	0.02	0.76	0.06	0.05	2.51	0.06
-16.048	22.59	0.68	0.03	46.22	0.02	0.66	0.05	0.05	2.32	0.07
-16.048	24.56	0.58	0.04	46.21	0.02	0.8	0.06	0.06	1.7	0.07
-14.08	26.53	0.55	0.05	46.19	0.04	0.76	0.09	0.08	0.85	0.07
-18.017	30.47	0.67	0.04	45.95	0.02	0.9	0.06	0.06	1.92	0.08
-16.048	28.5	0.65	0.04	46.06	0.02	0.72	0.06	0.06	1.7	0.08
-18.017	32.44	0.65	0.04	45.86	0.03	1.0	0.08	0.08	1.35	0.09
-16.048	32.44	0.64	0.04	45.88	0.04	1.24	0.09	0.08	1.25	0.09
-16.048	34.41	0.61	0.05	45.86	0.05	1.01	0.12	0.08	1.15	0.08
-18.017	28.5	0.58	0.03	46.03	0.02	0.83	0.05	0.04	4.43	0.09
-16.048	26.53	0.56	0.04	46.11	0.03	0.72	0.07	0.07	1.48	0.08
-14.08	30.47	0.55	0.03	46.03	0.02	0.8	0.07	0.05	2.07	0.07
-14.08	32.44	0.55	0.04	45.92	0.04	0.95	0.12	0.06	1.65	0.08
-18.017	34.41	0.54	0.05	45.91	0.05	1.11	0.12	0.1	0.94	0.09
-16.048	36.38	0.53	0.04	45.89	0.06	1.13	0.15	0.08	1.0	0.07
-14.08	36.38	0.51	0.05	45.89	0.05	0.88	0.18	0.07	0.97	0.06
-18.017	26.53	0.47	0.03	46.04	0.02	0.83	0.06	0.04	5.26	0.09
-14.08	34.41	0.46	0.03	45.84	0.08	1.48	0.19	0.08	1.28	0.08
-12.111	32.44	0.45	0.03	45.94	0.03	0.65	0.09	0.05	2.44	0.07
-12.111	34.41	0.5	0.05	45.91	0.04	0.51	0.1	0.07	1.4	0.08
-12.111	36.38	0.45	0.06	45.96	0.05	0.55	0.14	0.08	0.85	0.07
-12.111	38.35	0.47	0.07	46.08	0.06	0.57	0.17	0.08	0.63	0.05
-19.986	32.44	0.45	0.05	45.87	0.05	0.97	0.13	0.09	1.23	0.1
-19.986	30.47	0.43	0.05	45.92	0.05	0.95	0.12	0.09	1.32	0.1
-12.111	28.5	0.4	0.04	46.1	0.04	0.63	0.13	0.06	2.02	0.08
-19.986	34.41	0.39	0.05	45.85	0.07	1.24	0.17	0.09	1.1	0.1
-12.111	30.47	0.38	0.03	46.03	0.03	0.73	0.09	0.04	3.34	0.07
-10.143	28.5	0.32	0.05	46.04	0.1	0.68	0.32	0.07	1.9	0.09
-8.174	24.56	0.38	0.06	46.01	0.12	0.77	0.49	0.07	0.99	0.07
-8.174	26.53	0.38	0.1	45.93	0.09	0.59	0.27	0.07	1.08	0.07
-16.048	46.23	0.63	0.08	45.86	0.03	0.5	0.09	0.1	0.74	0.08
-16.048	48.2	0.62	0.06	45.88	0.03	0.54	0.09	0.08	0.9	0.07
-14.08	48.2	0.58	0.07	45.87	0.04	0.46	0.09	0.09	1.03	0.08
-14.08	20.62	0.51	0.03	46.24	0.03	1.08	0.08	0.05	1.88	0.07
-18.017	46.23	0.49	0.05	45.79	0.05	0.61	0.13	0.07	0.84	0.06
3.637	28.5	1.27	0.04	45.86	0.03	1.48	0.05	0.05	1.73	0.06
-12.111	71.84	1.11	0.05	46.52	0.03	0.67	0.06	0.07	0.94	0.06
-10.143	71.84	0.77	0.04	46.42	0.02	0.99	0.05	0.07	1.04	0.07
-8.174	69.87	0.62	0.04	46.36	0.03	0.92	0.07	0.07	1.16	0.08
-6.206	65.93	0.72	0.06	46.2	0.03	0.78	0.08	0.1	0.84	0.09
-8.174	67.9	0.7	0.06	46.32	0.03	0.87	0.08	0.1	0.67	0.08
-8.174	65.93	0.67	0.06	46.28	0.05	1.04	0.11	0.12	0.59	0.09
-10.143	73.81	0.6	0.03	46.34	0.03	1.19	0.07	0.06	1.5	0.07
-8.174	63.96	0.56	0.04	46.22	0.04	1.27	0.09	0.08	1.42	0.09
-8.174	71.84	0.51	0.04	46.43	0.05	1.22	0.1	0.08	0.87	0.07
-8.174	61.99	0.47	0.03	46.18	0.04	1.51	0.1	0.06	1.87	0.08
-8.174	60.02	0.51	0.04	46.28	0.05	1.37	0.12	0.08	1.22	0.09
-6.206	71.84	0.45	0.04	46.41	0.05	1.33	0.12	0.08	1.33	0.09
-4.237	71.84	0.39	0.03	46.37	0.05	1.43	0.13	0.07	2.01	0.1
-8.174	73.81	0.39	0.03	46.42	0.05	1.55	0.12	0.06	1.23	0.06
-6.206	73.81	0.34	0.03	46.41	0.08	1.73	0.19	0.08	0.92	0.08
-12.111	69.87	1.18	0.04	46.5	0.01	0.96	0.04	0.07	1.87	0.1
-14.08	71.84	0.98	0.1	46.51	0.09	0.74	0.15	0.09	0.85	0.08
-10.143	65.93	0.86	0.04	46.5	0.03	1.11	0.06	0.08	1.59	0.09
-10.143	67.9	0.86	0.04	46.48	0.02	0.99	0.06	0.08	1.11	0.08
-10.143	69.87	0.85	0.04	46.46	0.02	0.93	0.05	0.07	1.12	0.07
-10.143	63.96	0.79	0.02	46.56	0.01	1.13	0.04	0.04	5.81	0.09
-14.08	65.93	1.81	0.04	46.61	0.01	0.88	0.02	0.07	2.63	0.11
-14.08	63.96	1.68	0.05	46.65	0.01	0.86	0.03	0.08	2.13	0.11
-12.111	65.93	1.48	0.04	46.63	0.01	0.84	0.02	0.06	3.71	0.1
-16.048	63.96	1.4	0.05	46.58	0.02	0.97	0.04	0.1	1.76	0.12
-12.111	67.9	1.36	0.04	46.57	0.01	0.89	0.03	0.08	2.28	0.11
13.48	54.11	0.48	0.08	45.81	0.04	0.51	0.1	0.1	1.4	0.11
7.575	69.87	0.59	0.04	45.99	0.04	1.08	0.09	0.08	2.05	0.11
5.606	42.29	1.4	0.05	45.76	0.02	1.09	0.04	0.09	1.33	0.1
1.669	42.29	2.17	0.04	45.79	0.01	0.82	0.02	0.06	1.41	0.07
1.669	44.26	2.0	0.03	45.85	0.01	0.74	0.02	0.05	2.49	0.08
3.637	42.29	1.97	0.05	45.81	0.01	0.85	0.02	0.08	1.56	0.1
-0.3	42.29	1.9	0.03	45.79	0.01	1.03	0.02	0.06	3.88	0.12
-0.3	44.26	1.81	0.06	45.8	0.02	0.87	0.03	0.04	4.06	0.08
-2.268	42.29	1.79	0.04	45.82	0.01	1.21	0.03	0.08	2.25	0.11
-2.268	44.26	1.74	0.02	45.87	0.01	1.18	0.02	0.05	3.79	0.09
-0.3	46.23	1.64	0.03	45.89	0.01	0.92	0.02	0.06	2.37	0.09
3.637	44.26	1.81	0.04	45.89	0.01	0.69	0.02	0.06	2.78	0.1
1.669	46.23	1.78	0.03	45.88	0.01	0.69	0.02	0.05	2.21	0.07
-2.268	46.23	1.63	0.03	45.94	0.01	1.12	0.02	0.05	2.88	0.09
-4.237	44.26	1.7	0.03	45.95	0.01	1.22	0.02	0.05	2.47	0.08
-4.237	42.29	1.61	0.03	45.89	0.01	1.33	0.03	0.07	1.63	0.09
-2.268	40.32	1.57	0.03	45.78	0.01	1.24	0.03	0.07	3.15	0.12
-2.268	48.2	1.57	0.03	45.99	0.01	1.01	0.02	0.06	1.9	0.08
-4.237	48.2	1.76	0.02	46.08	0.01	1.02	0.01	0.04	4.66	0.08
-4.237	46.23	1.74	0.02	46.04	0.01	1.12	0.02	0.05	4.38	0.09
-4.237	50.17	1.7	0.03	46.1	0.01	0.95	0.02	0.05	2.94	0.07
-6.206	48.2	1.67	0.03	46.14	0.01	1.03	0.02	0.06	2.9	0.1
-6.206	50.17	1.69	0.03	46.15	0.01	0.97	0.02	0.06	2.26	0.09
-6.206	46.23	1.59	0.03	46.12	0.01	1.07	0.02	0.05	4.82	0.1
3.637	46.23	1.56	0.03	45.91	0.01	0.62	0.01	0.05	3.83	0.08
1.669	48.2	1.53	0.05	45.9	0.01	0.68	0.03	0.08	1.1	0.08
-0.3	48.2	1.53	0.05	45.91	0.01	0.83	0.03	0.08	1.11	0.08
-6.206	52.14	1.49	0.04	46.2	0.01	0.9	0.03	0.06	1.8	0.09
-4.237	52.14	1.45	0.03	46.15	0.01	0.93	0.03	0.06	2.1	0.09
-2.268	50.17	1.43	0.03	46.01	0.01	0.97	0.03	0.06	1.38	0.07
-6.206	44.26	1.41	0.03	46.06	0.01	1.19	0.03	0.06	3.08	0.1
3.637	36.38	2.55	0.05	45.71	0.01	0.89	0.02	0.09	1.3	0.1
3.637	34.41	2.48	0.05	45.76	0.01	0.94	0.02	0.09	0.94	0.09
3.637	38.35	2.41	0.05	45.69	0.01	0.87	0.02	0.08	0.73	0.07
1.669	36.38	2.37	0.05	45.65	0.01	0.82	0.02	0.09	2.47	0.13
1.669	40.32	2.26	0.04	45.71	0.01	0.86	0.02	0.07	1.67	0.08
5.606	36.38	2.22	0.05	45.8	0.03	0.86	0.05	0.07	0.85	0.06
5.606	34.41	2.39	0.05	45.85	0.02	0.83	0.04	0.08	0.71	0.06
5.606	32.44	2.27	0.05	45.91	0.02	0.77	0.04	0.08	1.1	0.07
3.637	32.44	2.22	0.04	45.8	0.01	0.99	0.02	0.07	1.28	0.08
3.637	40.32	2.18	0.05	45.73	0.01	0.9	0.03	0.09	0.69	0.07
7.575	34.41	2.09	0.05	45.89	0.02	0.7	0.04	0.07	0.74	0.06
1.669	34.41	2.05	0.04	45.71	0.01	0.96	0.02	0.08	2.48	0.12
-0.3	40.32	1.9	0.04	45.71	0.01	0.95	0.02	0.07	4.02	0.13
5.606	38.35	1.89	0.06	45.75	0.03	0.92	0.05	0.08	0.72	0.07
7.575	36.38	1.84	0.04	45.77	0.01	0.92	0.02	0.08	1.54	0.09
5.606	30.47	1.83	0.04	46.0	0.02	0.73	0.04	0.06	1.84	0.08
7.575	32.44	1.79	0.15	45.99	0.04	0.65	0.05	0.07	1.08	0.07
3.637	30.47	1.76	0.03	45.78	0.01	1.19	0.02	0.05	2.4	0.08
9.543	34.41	1.75	0.05	45.82	0.02	0.69	0.05	0.08	1.0	0.08
5.606	40.32	1.66	0.05	45.71	0.02	1.06	0.04	0.11	0.8	0.09
9.543	36.38	1.49	0.05	45.73	0.01	0.93	0.04	0.09	1.6	0.11
-0.3	50.17	1.36	0.05	45.92	0.01	0.83	0.03	0.08	0.88	0.07
-4.237	40.32	1.33	0.03	45.91	0.01	1.53	0.04	0.06	1.92	0.08
-0.3	34.41	1.32	0.03	45.62	0.01	1.03	0.03	0.06	5.28	0.14
7.575	40.32	1.27	0.04	45.69	0.02	1.28	0.05	0.09	1.25	0.1
3.637	48.2	1.27	0.04	45.91	0.01	0.66	0.03	0.06	1.73	0.08
-6.206	54.11	1.27	0.04	46.28	0.01	0.71	0.03	0.07	1.54	0.08
9.543	38.35	1.26	0.04	45.72	0.02	1.1	0.04	0.08	1.65	0.1
-4.237	54.11	1.25	0.04	46.26	0.01	0.77	0.03	0.07	2.17	0.1
-2.268	52.14	1.22	0.04	46.08	0.01	1.01	0.03	0.07	1.68	0.08
-6.206	42.29	1.21	0.03	46.03	0.01	1.45	0.04	0.06	2.19	0.08
-8.174	50.17	1.2	0.03	46.21	0.01	1.18	0.04	0.06	2.08	0.09
-0.3	52.14	1.17	0.04	45.98	0.02	0.93	0.04	0.07	1.19	0.08
1.669	54.11	1.24	0.04	45.96	0.01	0.77	0.03	0.07	1.93	0.09
-8.174	52.14	1.17	0.03	46.26	0.01	1.05	0.03	0.06	2.28	0.08
11.512	38.35	1.16	0.05	45.72	0.02	1.05	0.05	0.09	1.16	0.09
13.48	34.41	1.27	0.39	45.78	0.05	0.67	0.11	0.12	1.32	0.13
13.48	36.38	1.22	0.06	45.71	0.02	0.92	0.05	0.11	1.57	0.13
9.543	40.32	1.13	0.04	45.71	0.02	1.35	0.05	0.08	1.5	0.09
11.512	44.26	1.19	0.06	45.61	0.03	0.99	0.06	0.12	0.61	0.09
11.512	42.29	1.16	0.05	45.69	0.02	1.12	0.05	0.1	0.95	0.09
13.48	44.26	1.14	0.08	45.68	0.03	0.92	0.07	0.14	0.62	0.1
-2.268	54.11	1.12	0.03	46.19	0.01	0.94	0.03	0.06	2.95	0.09
-8.174	54.11	1.12	0.03	46.33	0.01	0.79	0.03	0.06	1.71	0.07
11.512	40.32	1.11	0.04	45.75	0.02	1.2	0.05	0.08	1.3	0.09
7.575	42.29	1.11	0.04	45.67	0.02	1.36	0.05	0.08	1.18	0.09
13.48	42.29	1.1	0.06	45.77	0.03	0.96	0.06	0.11	1.01	0.1
9.543	42.29	1.1	0.04	45.64	0.02	1.32	0.05	0.08	1.0	0.08
5.606	44.26	1.1	0.03	45.83	0.01	1.02	0.03	0.06	3.16	0.1
3.637	54.11	1.1	0.05	45.94	0.01	0.71	0.04	0.08	2.55	0.12
-8.174	48.2	1.1	0.04	46.2	0.02	1.24	0.05	0.07	1.82	0.09
-6.206	56.08	1.08	0.04	46.3	0.01	0.65	0.03	0.05	1.46	0.06
-0.3	54.11	1.07	0.03	46.06	0.01	1.01	0.03	0.06	2.07	0.08
13.48	38.35	1.06	0.05	45.75	0.03	1.08	0.06	0.11	1.1	0.11
13.48	40.32	1.04	0.05	45.8	0.02	1.09	0.06	0.09	1.14	0.1
1.669	56.08	1.03	0.04	45.96	0.02	0.92	0.04	0.07	1.98	0.09
-8.174	46.23	1.03	0.03	46.19	0.02	1.18	0.04	0.06	2.94	0.09
13.48	46.23	1.02	0.07	45.6	0.03	0.93	0.07	0.12	0.5	0.09
11.512	46.23	1.02	0.05	45.55	0.02	0.94	0.05	0.09	0.61	0.07
9.543	44.26	1.01	0.04	45.56	0.02	1.16	0.05	0.08	0.72	0.07
3.637	56.08	0.99	0.1	45.95	0.01	0.57	0.05	0.07	1.71	0.08
-8.174	56.08	0.98	0.03	46.35	0.01	0.72	0.02	0.05	1.49	0.05
-8.174	44.26	0.96	0.03	46.19	0.01	1.16	0.04	0.05	3.25	0.09
-10.143	54.11	0.94	0.03	46.44	0.01	0.99	0.04	0.05	1.47	0.06
-0.3	56.08	0.93	0.02	46.05	0.01	1.09	0.03	0.05	3.44	0.08
15.449	36.38	0.91	0.07	45.66	0.05	1.29	0.12	0.16	1.08	0.16
13.48	32.44	1.09	0.06	45.63	0.03	1.06	0.06	0.11	1.09	0.11
11.512	30.47	1.09	0.04	45.64	0.02	1.07	0.05	0.08	0.92	0.08
15.449	34.41	0.94	0.09	45.59	0.05	1.21	0.13	0.18	0.93	0.17
-6.206	58.05	0.89	0.05	46.23	0.02	0.75	0.04	0.08	0.82	0.07
5.606	50.17	0.88	0.07	45.94	0.03	0.51	0.07	0.09	1.19	0.09
-4.237	58.05	0.88	0.05	46.2	0.02	0.81	0.05	0.08	0.97	0.08
-10.143	52.14	0.88	0.02	46.39	0.02	1.29	0.04	0.05	2.22	0.07
-10.143	56.08	0.88	0.03	46.47	0.01	0.88	0.03	0.05	1.44	0.06
-4.237	60.02	0.87	0.06	46.09	0.03	0.81	0.06	0.1	0.57	0.08
-4.237	61.99	0.87	0.06	46.02	0.03	0.78	0.06	0.1	0.6	0.08
15.449	38.35	0.85	0.06	45.76	0.05	1.37	0.12	0.14	1.02	0.14
7.575	44.26	0.85	0.03	45.63	0.02	1.35	0.05	0.05	1.45	0.06
5.606	46.23	0.85	0.02	45.87	0.01	0.98	0.03	0.05	4.82	0.09
-2.268	63.96	0.85	0.05	45.99	0.02	0.65	0.04	0.07	1.52	0.09
-0.3	63.96	0.9	0.04	46.02	0.02	0.47	0.04	0.05	2.04	0.07
-2.268	65.93	0.84	0.04	46.05	0.02	0.62	0.04	0.07	1.77	0.08
1.669	65.93	0.83	0.07	45.97	0.03	0.69	0.07	0.11	1.14	0.11
3.637	65.93	0.84	0.08	46.01	0.06	0.62	0.11	0.09	0.93	0.09
-6.206	60.02	0.83	0.05	46.13	0.03	0.86	0.06	0.09	0.72	0.08
-12.111	54.11	0.83	0.03	46.46	0.02	1.15	0.05	0.06	1.52	0.06
13.48	30.47	0.82	0.04	45.56	0.03	1.14	0.06	0.08	1.11	0.08
15.449	40.32	0.81	0.05	45.82	0.04	1.22	0.09	0.11	1.24	0.12
13.48	48.2	0.81	0.05	45.55	0.03	1.03	0.08	0.1	0.56	0.08
1.669	63.96	0.81	0.09	46.02	0.05	0.56	0.09	0.09	0.82	0.08
-0.3	67.9	0.81	0.08	46.07	0.03	0.52	0.06	0.11	1.27	0.12
15.449	32.44	0.8	0.07	45.5	0.05	1.27	0.12	0.14	0.9	0.13
9.543	46.23	0.8	0.03	45.51	0.02	1.05	0.05	0.06	1.1	0.06
-10.143	50.17	0.8	0.02	46.32	0.02	1.43	0.04	0.05	2.07	0.06
1.669	58.05	0.79	0.04	45.88	0.02	1.01	0.05	0.07	1.51	0.09
3.637	58.05	0.93	0.04	45.84	0.02	0.76	0.05	0.07	1.96	0.1
5.606	60.02	0.85	0.05	45.84	0.03	0.87	0.06	0.09	1.67	0.11
3.637	60.02	0.83	0.05	45.84	0.02	0.84	0.06	0.08	1.64	0.1
-2.268	61.99	0.78	0.05	45.97	0.02	0.74	0.06	0.09	1.05	0.09
-12.111	52.14	0.78	0.02	46.42	0.01	1.32	0.03	0.04	2.71	0.06
15.449	42.29	0.77	0.06	45.79	0.04	1.02	0.09	0.11	1.15	0.12
1.669	67.9	0.77	0.08	45.99	0.03	0.58	0.07	0.12	1.01	0.11
-4.237	63.96	0.77	0.05	46.01	0.03	0.79	0.06	0.08	1.12	0.08
3.637	67.9	0.76	0.06	45.99	0.04	0.55	0.09	0.09	0.8	0.07
15.449	44.26	0.75	0.07	45.69	0.05	1.0	0.11	0.13	0.71	0.11
-2.268	38.35	0.75	0.03	46.0	0.04	1.48	0.05	0.04	3.6	0.08
3.637	61.99	0.74	0.05	45.87	0.04	1.01	0.09	0.1	1.14	0.11
5.606	63.96	0.82	0.05	45.89	0.03	1.11	0.07	0.09	0.9	0.08
5.606	61.99	0.79	0.05	45.89	0.03	1.07	0.08	0.1	1.13	0.1
3.637	63.96	0.77	0.06	45.89	0.04	1.01	0.09	0.11	0.91	0.1
7.575	65.93	0.75	0.03	45.85	0.02	1.14	0.05	0.06	4.52	0.11
7.575	63.96	0.74	0.04	45.86	0.03	1.1	0.08	0.09	1.49	0.1
-6.206	61.99	0.73	0.04	46.05	0.03	0.99	0.07	0.08	0.8	0.07
-14.08	52.14	0.73	0.02	46.32	0.02	1.32	0.04	0.04	3.06	0.07
-0.3	58.05	0.71	0.03	45.94	0.02	1.18	0.05	0.05	2.09	0.07
-12.111	50.17	0.71	0.02	46.37	0.01	1.32	0.04	0.04	2.46	0.05
-14.08	54.11	0.71	0.03	46.35	0.03	1.37	0.06	0.06	1.61	0.07
15.449	46.23	0.7	0.06	45.61	0.05	1.13	0.12	0.13	0.64	0.1
-8.174	58.05	0.7	0.03	46.34	0.02	0.93	0.05	0.06	1.15	0.06
-10.143	58.05	0.7	0.04	46.58	0.02	0.95	0.05	0.06	1.49	0.08
9.543	65.93	0.68	0.04	45.83	0.03	0.99	0.06	0.07	4.29	0.13
7.575	61.99	0.68	0.06	45.84	0.04	1.04	0.1	0.11	0.86	0.1
-2.268	60.02	0.68	0.05	45.98	0.03	1.0	0.08	0.09	0.8	0.08
11.512	65.93	0.67	0.05	45.84	0.02	0.71	0.06	0.07	2.26	0.11
-10.143	48.2	0.67	0.03	46.28	0.03	1.49	0.07	0.06	1.46	0.07
-12.111	46.23	0.67	0.04	46.38	0.04	1.35	0.09	0.09	1.28	0.1
-10.143	44.26	0.67	0.03	46.33	0.03	1.29	0.07	0.06	1.91	0.09
-8.174	42.29	0.85	0.17	46.4	0.04	0.89	0.1	0.06	1.4	0.07
-10.143	42.29	0.79	0.04	46.4	0.03	1.06	0.06	0.07	1.73	0.09
-12.111	44.26	0.77	0.05	46.45	0.03	1.2	0.08	0.09	1.64	0.12
15.449	48.2	0.66	0.06	45.54	0.06	1.25	0.14	0.14	0.69	0.11
7.575	50.17	0.66	0.08	45.95	0.03	0.45	0.07	0.08	1.35	0.09
1.669	60.02	0.65	0.04	45.8	0.03	1.0	0.07	0.08	1.3	0.08
-12.111	42.29	0.65	0.07	46.32	0.07	1.13	0.11	0.08	1.0	0.08
-6.206	63.96	0.64	0.04	46.07	0.03	1.01	0.08	0.08	1.12	0.08
-12.111	48.2	0.64	0.03	46.33	0.03	1.32	0.07	0.06	1.13	0.07
9.543	63.96	0.63	0.06	45.78	0.04	0.86	0.1	0.11	1.37	0.13
7.575	67.9	0.63	0.04	45.9	0.03	1.16	0.08	0.07	2.69	0.11
9.543	50.17	0.61	0.07	45.9	0.04	0.5	0.09	0.09	0.98	0.09
1.669	61.99	0.6	0.04	45.83	0.04	1.05	0.08	0.08	1.2	0.08
-0.3	60.02	0.6	0.03	45.84	0.03	1.09	0.07	0.06	1.35	0.07
17.417	40.32	0.59	0.05	45.73	0.06	1.45	0.15	0.12	1.1	0.12
9.543	73.81	1.45	0.08	45.96	0.02	0.62	0.04	0.12	0.72	0.09
11.512	73.81	1.16	0.08	45.95	0.02	0.63	0.05	0.12	0.69	0.1
7.575	73.81	1.16	0.07	45.95	0.02	0.73	0.05	0.12	0.93	0.09
9.543	71.84	1.02	0.07	45.99	0.03	0.71	0.06	0.12	0.78	0.09
11.512	71.84	0.84	0.09	45.95	0.04	0.8	0.1	0.15	0.39	0.09
9.543	69.87	0.78	0.06	45.98	0.03	0.74	0.08	0.09	1.26	0.1
7.575	71.84	0.78	0.05	45.98	0.03	0.89	0.06	0.09	1.61	0.1
11.512	69.87	0.7	0.07	45.95	0.05	0.92	0.11	0.13	0.65	0.1
15.449	71.84	0.91	0.11	45.73	0.03	0.49	0.07	0.15	1.04	0.14
17.417	69.87	0.89	0.14	45.73	0.03	0.4	0.08	0.15	0.61	0.11
17.417	71.84	0.88	0.12	45.73	0.03	0.42	0.07	0.15	1.52	0.17
15.449	69.87	0.81	0.1	45.79	0.04	0.74	0.1	0.16	0.86	0.14
19.386	69.87	0.76	0.15	45.73	0.03	0.3	0.07	0.14	0.66	0.11
13.48	71.84	0.75	0.1	45.8	0.05	0.73	0.11	0.16	0.53	0.12
13.48	69.87	0.75	0.09	45.82	0.05	0.8	0.11	0.16	0.6	0.12
15.449	73.81	0.71	0.1	45.78	0.03	0.43	0.07	0.13	1.54	0.16
13.48	73.81	0.75	0.09	45.89	0.04	0.67	0.09	0.13	0.99	0.13
19.386	71.84	0.7	0.13	45.71	0.03	0.35	0.08	0.15	1.57	0.17
5.606	73.81	0.68	0.06	45.91	0.05	1.07	0.12	0.13	0.82	0.11
15.449	67.9	0.65	0.07	45.88	0.04	0.7	0.09	0.11	1.21	0.11
11.512	67.9	0.72	0.05	45.9	0.03	0.8	0.07	0.09	1.68	0.11
13.48	67.9	0.7	0.06	45.89	0.03	0.75	0.07	0.09	1.42	0.1
17.417	73.81	0.59	0.14	45.73	0.04	0.34	0.09	0.15	1.41	0.18
-14.08	56.08	0.59	0.03	46.27	0.05	1.28	0.08	0.05	1.71	0.06
17.417	67.9	0.57	0.08	45.85	0.04	0.6	0.11	0.12	1.14	0.12
7.575	46.23	0.57	0.02	45.56	0.03	1.36	0.05	0.04	2.21	0.06
-0.3	69.87	0.57	0.08	46.13	0.04	0.53	0.08	0.11	1.21	0.11
13.48	65.93	0.56	0.06	45.89	0.04	0.63	0.08	0.09	1.33	0.1
-10.143	46.23	0.54	0.04	46.2	0.05	1.55	0.09	0.06	1.44	0.07
5.606	71.84	0.52	0.05	45.92	0.06	1.22	0.14	0.11	1.04	0.1
3.637	69.87	0.52	0.05	45.96	0.04	0.85	0.1	0.09	0.85	0.08
1.669	69.87	0.52	0.07	46.04	0.05	0.7	0.11	0.11	0.85	0.1
5.606	69.87	0.51	0.04	45.94	0.04	1.06	0.1	0.08	1.71	0.1
9.543	48.2	0.5	0.05	45.84	0.08	0.68	0.16	0.07	1.13	0.07
15.449	50.17	0.77	0.09	45.65	0.06	0.6	0.13	0.12	0.74	0.1
13.48	50.17	0.65	0.08	45.71	0.13	0.8	0.23	0.11	0.62	0.08
11.512	48.2	0.64	0.12	45.77	0.14	0.7	0.2	0.08	0.67	0.06
15.449	52.14	0.6	0.08	45.71	0.05	0.49	0.11	0.1	1.24	0.11
13.48	52.14	0.55	0.08	45.79	0.06	0.62	0.15	0.11	0.92	0.1
-14.08	58.05	0.5	0.03	46.27	0.07	1.14	0.12	0.05	1.54	0.05
-16.048	67.9	1.51	0.05	46.35	0.03	1.08	0.05	0.08	0.99	0.08
-18.017	65.93	1.13	0.04	46.4	0.02	1.17	0.05	0.09	0.97	0.08
-18.017	63.96	0.86	0.05	46.44	0.03	1.13	0.07	0.1	1.34	0.11
-18.017	61.99	0.69	0.05	46.41	0.04	1.07	0.08	0.09	1.44	0.1
-16.048	60.02	0.62	0.04	46.32	0.06	1.11	0.11	0.07	1.28	0.07
-18.017	60.02	0.59	0.04	46.28	0.04	1.11	0.09	0.08	0.99	0.08
3.637	73.81	0.49	0.05	45.92	0.07	1.28	0.16	0.12	0.81	0.1
-12.111	56.08	0.49	0.08	46.29	0.12	1.11	0.12	0.05	1.36	0.06
7.575	58.05	0.94	0.06	45.79	0.02	0.56	0.04	0.08	1.71	0.11
9.543	60.02	0.91	0.1	45.76	0.03	0.46	0.06	0.13	0.62	0.1
7.575	60.02	0.85	0.07	45.79	0.03	0.69	0.07	0.11	0.98	0.11
9.543	58.05	0.84	0.07	45.77	0.02	0.47	0.05	0.1	1.08	0.1
11.512	61.99	0.83	0.12	45.77	0.03	0.4	0.07	0.14	1.03	0.14
11.512	60.02	0.81	0.11	45.78	0.03	0.44	0.07	0.14	1.06	0.14
9.543	61.99	0.73	0.09	45.75	0.04	0.59	0.09	0.14	0.73	0.11
11.512	58.05	0.65	0.08	45.79	0.03	0.55	0.07	0.1	1.25	0.11
11.512	63.96	0.65	0.09	45.76	0.04	0.56	0.09	0.12	1.17	0.13
13.48	61.99	0.57	0.11	45.81	0.04	0.44	0.09	0.13	1.13	0.14
11.512	56.08	0.55	0.05	45.79	0.03	0.6	0.06	0.07	1.93	0.09
-14.08	60.02	0.48	0.05	46.41	0.07	1.26	0.1	0.06	2.32	0.08
19.386	67.9	0.47	0.13	45.78	0.04	0.29	0.09	0.13	1.11	0.13
13.48	63.96	0.47	0.1	45.8	0.05	0.52	0.12	0.13	1.02	0.13
17.417	42.29	0.46	0.06	45.65	0.08	1.28	0.18	0.12	1.15	0.12
3.637	71.84	0.42	0.05	45.96	0.08	1.24	0.18	0.11	0.72	0.09
1.669	71.84	0.41	0.05	46.09	0.07	1.02	0.16	0.11	0.75	0.09
-0.3	71.84	0.41	0.05	46.21	0.05	0.78	0.12	0.09	1.18	0.09
17.417	44.26	0.4	0.06	45.55	0.09	1.29	0.22	0.12	0.87	0.11
-12.111	58.05	0.38	0.11	46.34	0.25	1.02	0.32	0.06	1.05	0.06
15.449	54.11	0.37	0.09	45.77	0.07	0.53	0.18	0.12	1.47	0.14
-12.111	61.99	0.34	0.08	46.33	0.2	1.35	0.24	0.08	1.06	0.08
-12.111	63.96	0.43	0.05	46.25	0.1	1.46	0.12	0.05	1.61	0.06
-10.143	40.32	0.98	0.04	46.52	0.02	1.0	0.05	0.07	2.08	0.1
-8.174	40.32	1.0	0.08	46.57	0.03	0.86	0.06	0.06	1.05	0.06
11.512	52.14	0.63	0.08	45.87	0.04	0.56	0.1	0.11	0.68	0.09
11.512	50.17	0.61	0.08	45.88	0.06	0.6	0.14	0.1	0.6	0.08
15.449	65.93	0.49	0.11	45.99	0.05	0.44	0.11	0.13	0.97	0.12
-0.3	38.35	1.84	0.03	45.62	0.01	0.81	0.02	0.05	5.99	0.12
1.669	30.47	1.58	0.03	45.61	0.01	0.87	0.03	0.04	2.16	0.06
3.637	18.65	2.32	0.03	45.76	0.02	1.06	0.03	0.05	1.97	0.07
5.606	18.65	1.97	0.08	45.86	0.04	0.86	0.06	0.07	1.21	0.07
5.606	16.68	1.91	0.04	45.85	0.02	0.96	0.04	0.07	0.9	0.06
5.606	14.71	1.71	0.04	45.94	0.01	0.92	0.04	0.07	0.84	0.06
5.606	20.62	1.68	0.1	45.99	0.02	0.61	0.04	0.05	1.53	0.06
1.669	18.65	1.67	0.05	45.76	0.04	1.15	0.08	0.05	0.99	0.05
7.575	14.71	1.46	0.05	46.0	0.01	0.81	0.04	0.08	1.36	0.09
7.575	12.74	1.33	0.05	46.02	0.02	0.79	0.05	0.08	1.26	0.09
5.606	10.77	1.37	0.04	45.96	0.02	0.77	0.05	0.07	1.51	0.08
9.543	14.71	1.05	0.05	45.99	0.02	0.66	0.04	0.07	1.75	0.09
3.637	10.77	0.89	0.04	45.9	0.02	0.77	0.08	0.06	1.32	0.06
7.575	16.68	0.85	0.07	46.03	0.01	0.4	0.04	0.07	1.01	0.07
3.637	8.8	0.85	0.04	45.85	0.06	0.88	0.18	0.07	1.39	0.08
9.543	16.68	0.79	0.06	46.03	0.01	0.33	0.03	0.06	1.92	0.08
9.543	18.65	0.75	0.08	46.02	0.01	0.31	0.04	0.07	1.16	0.07
-0.3	20.62	0.63	0.17	45.82	0.15	0.95	0.32	0.06	0.76	0.05
-0.3	36.38	1.71	0.03	45.58	0.01	0.78	0.02	0.06	5.79	0.13
1.669	22.59	1.85	0.03	45.89	0.03	1.29	0.04	0.05	4.4	0.09
3.637	24.56	1.56	0.03	45.88	0.02	1.5	0.04	0.05	3.54	0.09
7.575	30.47	1.45	0.03	45.76	0.01	1.24	0.03	0.06	3.61	0.12
7.575	-1.05	1.41	0.04	46.11	0.03	0.83	0.06	0.07	1.06	0.06
5.606	0.92	1.35	0.04	46.21	0.03	1.21	0.07	0.07	0.92	0.06
7.575	2.89	1.55	0.03	46.03	0.04	1.42	0.06	0.06	2.15	0.09
5.606	2.89	1.26	0.03	46.21	0.05	1.52	0.09	0.07	1.16	0.07
9.543	0.92	1.26	0.05	46.12	0.03	0.75	0.06	0.06	2.03	0.08
3.637	26.53	1.24	0.03	45.93	0.04	1.58	0.06	0.05	2.04	0.07
1.669	24.56	1.43	0.04	46.0	0.05	1.38	0.08	0.06	1.97	0.08
5.606	-1.05	1.24	0.03	46.25	0.03	0.95	0.05	0.06	1.21	0.06
-14.08	69.87	1.21	0.15	46.69	0.05	0.6	0.08	0.09	1.12	0.09
-14.08	61.99	1.32	0.05	46.71	0.01	0.86	0.04	0.08	1.87	0.11
1.669	16.68	1.16	0.07	45.84	0.04	0.73	0.1	0.06	0.74	0.05
15.449	16.68	1.29	0.1	45.8	0.03	0.56	0.05	0.08	1.3	0.08
17.417	14.71	1.25	0.09	45.69	0.02	0.4	0.04	0.07	1.7	0.09
13.48	14.71	1.25	0.09	45.81	0.03	0.58	0.06	0.1	1.13	0.1
13.48	16.68	1.17	0.25	45.87	0.03	0.57	0.08	0.09	1.25	0.09
13.48	18.65	1.11	0.16	45.89	0.03	0.54	0.06	0.09	0.97	0.08
17.417	16.68	0.9	0.11	45.75	0.03	0.5	0.06	0.07	1.28	0.07
15.449	20.62	0.74	0.07	45.82	0.03	0.44	0.06	0.08	0.95	0.07
11.512	12.74	0.71	0.05	45.83	0.04	0.77	0.09	0.08	1.29	0.09
17.417	18.65	0.62	0.08	45.84	0.04	0.45	0.08	0.08	0.98	0.08
15.449	22.59	0.61	0.09	45.74	0.03	0.4	0.07	0.08	1.07	0.08
17.417	20.62	0.44	0.1	45.83	0.05	0.36	0.11	0.11	0.91	0.1
-14.08	67.9	1.09	0.23	46.74	0.02	0.52	0.08	0.08	1.14	0.09
-12.111	60.02	1.08	0.05	46.8	0.02	0.69	0.04	0.09	1.6	0.1
-4.237	67.9	1.06	0.07	46.25	0.02	0.34	0.04	0.07	1.28	0.08
-16.048	61.99	1.05	0.05	46.59	0.02	1.0	0.05	0.09	1.57	0.11
7.575	-3.02	1.0	0.17	45.99	0.14	0.89	0.19	0.08	0.74	0.07
5.606	-12.87	0.98	0.08	46.03	0.07	0.83	0.1	0.05	2.15	0.07
7.575	-16.81	1.25	0.04	46.13	0.01	0.55	0.03	0.05	2.58	0.08
-6.206	67.9	0.96	0.07	46.26	0.02	0.48	0.04	0.09	1.06	0.09
7.575	-18.78	0.96	0.07	46.16	0.01	0.34	0.03	0.07	1.48	0.08
9.543	-28.63	1.22	0.06	46.04	0.03	0.59	0.04	0.06	1.84	0.08
9.543	28.5	0.96	0.08	45.9	0.06	0.75	0.1	0.08	1.29	0.08
11.512	36.38	1.01	0.29	45.83	0.03	0.56	0.11	0.1	1.05	0.1
-4.237	69.87	0.95	0.05	46.26	0.01	0.38	0.02	0.06	2.49	0.09
11.512	22.59	0.95	0.07	45.74	0.03	0.63	0.05	0.05	1.14	0.05
-6.206	69.87	0.89	0.05	46.27	0.01	0.46	0.03	0.07	1.98	0.09
9.543	2.89	0.89	0.12	46.25	0.1	0.96	0.12	0.05	3.68	0.1
11.512	28.5	0.87	0.18	45.77	0.09	0.71	0.13	0.1	0.83	0.09
-16.048	69.87	0.86	0.22	46.68	0.12	0.67	0.15	0.09	1.05	0.09
9.543	-30.6	0.84	0.21	46.07	0.04	0.46	0.07	0.07	1.16	0.07
9.543	-16.81	0.83	0.06	46.13	0.03	0.57	0.06	0.06	1.26	0.06
1.669	14.71	0.82	0.07	45.8	0.08	0.79	0.17	0.08	0.61	0.06
9.543	26.53	0.82	0.04	45.82	0.04	0.78	0.08	0.07	1.85	0.09
13.48	-20.75	0.8	0.13	46.06	0.04	0.52	0.09	0.11	1.27	0.12
-6.206	40.32	0.77	0.11	45.72	0.2	1.52	0.25	0.05	1.97	0.06
-2.268	69.87	0.77	0.07	46.21	0.02	0.4	0.04	0.08	1.68	0.1
-10.143	61.99	0.76	0.04	46.72	0.02	0.88	0.05	0.07	2.27	0.1
7.575	54.11	0.74	0.04	45.91	0.02	0.49	0.04	0.06	1.64	0.07
9.543	-3.02	0.72	0.06	46.05	0.05	0.64	0.09	0.06	1.23	0.07
5.606	65.93	0.7	0.12	46.15	0.06	0.57	0.09	0.07	1.42	0.07
19.386	58.05	0.7	0.08	45.94	0.06	1.09	0.14	0.15	1.48	0.18
13.48	26.53	0.69	0.15	45.72	0.04	0.48	0.09	0.09	0.8	0.08
19.386	56.08	0.68	0.07	46.02	0.06	1.25	0.14	0.14	1.26	0.15
13.48	-22.72	0.67	0.14	46.08	0.05	0.54	0.12	0.13	0.78	0.11
13.48	-18.78	0.67	0.08	46.04	0.04	0.52	0.07	0.07	1.91	0.09
5.606	52.14	0.63	0.04	45.76	0.04	1.3	0.09	0.08	2.01	0.11
5.606	54.11	0.62	0.03	45.81	0.03	1.32	0.06	0.05	4.79	0.12
13.48	60.02	0.62	0.09	45.89	0.04	0.5	0.08	0.12	1.48	0.14
13.48	58.05	0.61	0.07	45.91	0.03	0.52	0.07	0.09	1.95	0.13
-6.206	38.35	0.58	0.03	45.44	0.06	1.16	0.12	0.06	1.16	0.06
15.449	-20.75	0.57	0.08	46.01	0.04	0.51	0.1	0.11	1.15	0.11
-2.268	71.84	0.56	0.06	46.3	0.02	0.46	0.05	0.07	1.78	0.09
11.512	-28.63	0.54	0.04	45.99	0.04	0.65	0.09	0.06	2.02	0.09
15.449	60.02	0.52	0.11	45.99	0.05	0.44	0.11	0.14	0.88	0.13
5.606	67.9	0.5	0.09	45.76	0.1	1.06	0.12	0.08	1.55	0.09
7.575	-8.93	0.5	0.14	46.09	0.02	0.42	0.09	0.05	1.22	0.05
11.512	-6.96	0.68	0.22	45.79	0.12	0.62	0.13	0.05	1.88	0.07
-4.237	65.93	0.47	0.09	45.92	0.12	0.77	0.15	0.07	1.18	0.08
15.449	24.56	0.47	0.14	45.67	0.03	0.41	0.09	0.06	1.82	0.07
13.48	-16.81	0.45	0.13	45.89	0.16	0.71	0.21	0.06	1.31	0.07
17.417	-20.75	0.38	0.08	45.94	0.06	0.56	0.15	0.11	1.13	0.1
-0.3	16.68	0.37	0.05	45.96	0.03	0.39	0.08	0.06	1.88	0.08
-16.048	4.86	0.56	0.09	45.85	0.04	0.52	0.1	0.13	0.74	0.11
-16.048	6.83	0.53	0.08	45.86	0.04	0.52	0.09	0.12	0.86	0.1
-16.048	2.89	0.43	0.08	45.87	0.06	0.7	0.15	0.13	0.75	0.11
-18.017	4.86	0.41	0.09	45.9	0.06	0.6	0.15	0.13	0.85	0.12
-12.111	16.68	0.39	0.08	45.83	0.04	0.4	0.1	0.07	1.1	0.06
-12.111	18.65	0.39	0.05	45.81	0.05	0.59	0.15	0.06	1.14	0.06
-12.111	-4.99	0.38	0.04	45.94	0.05	0.66	0.11	0.06	0.75	0.05
-18.017	6.83	0.37	0.09	45.83	0.06	0.51	0.14	0.12	0.77	0.1
-14.08	-4.99	0.37	0.05	45.96	0.05	0.73	0.14	0.08	0.88	0.07
-12.111	14.71	0.37	0.08	45.83	0.03	0.38	0.09	0.06	1.08	0.06
11.512	-32.57	0.37	0.04	45.88	0.09	0.67	0.18	0.06	1.44	0.07
-18.017	44.26	0.36	0.04	45.74	0.16	1.01	0.54	0.07	0.99	0.07
-14.08	-8.93	0.36	0.05	46.06	0.06	0.8	0.15	0.08	0.82	0.07
-16.048	-8.93	0.35	0.06	45.97	0.04	0.47	0.09	0.07	1.49	0.09
19.386	-20.75	0.35	0.08	45.89	0.08	0.59	0.2	0.11	0.83	0.09
-19.986	16.68	0.34	0.08	46.23	0.06	0.51	0.15	0.11	0.73	0.09
-16.048	16.68	0.34	0.03	46.3	0.03	0.63	0.08	0.05	2.1	0.06
-16.048	18.65	0.34	0.04	46.19	0.05	0.8	0.14	0.06	1.39	0.07
-14.08	18.65	0.34	0.03	46.07	0.08	1.26	0.19	0.06	1.03	0.05
-18.017	20.62	0.36	0.04	46.13	0.08	1.26	0.21	0.08	1.21	0.08
-12.111	26.53	0.39	0.04	46.1	0.08	1.37	0.18	0.1	1.18	0.1
-14.08	38.35	0.49	0.03	46.04	0.07	2.01	0.12	0.06	1.26	0.06
-14.08	40.32	0.47	0.03	45.93	0.08	2.26	0.14	0.07	1.88	0.09
-16.048	38.35	0.45	0.02	45.94	0.07	2.17	0.13	0.06	1.22	0.06
-14.08	46.23	0.45	0.06	46.07	0.12	1.71	0.2	0.11	0.79	0.09
-18.017	36.38	0.44	0.05	46.0	0.08	1.64	0.19	0.11	0.62	0.08
-16.048	40.32	0.43	0.03	45.81	0.1	2.53	0.19	0.08	1.02	0.08
-14.08	42.29	0.42	0.03	45.91	0.09	2.26	0.16	0.07	2.17	0.1
-14.08	44.26	0.42	0.05	46.05	0.11	1.99	0.21	0.1	1.03	0.09
-18.017	38.35	0.41	0.03	45.72	0.11	2.17	0.23	0.09	0.84	0.08
-18.017	40.32	0.4	0.04	45.65	0.16	2.58	0.32	0.12	0.89	0.11
-16.048	42.29	0.38	0.03	45.8	0.12	2.44	0.23	0.09	1.26	0.09
-16.048	44.26	0.38	0.04	45.88	0.12	2.13	0.21	0.08	1.23	0.09
-19.986	36.38	0.36	0.04	45.74	0.1	1.85	0.23	0.1	0.88	0.09
-14.08	14.71	0.36	0.03	45.92	0.13	1.67	0.25	0.06	0.98	0.06
-12.111	-6.96	0.34	0.04	45.96	0.06	0.81	0.14	0.06	1.18	0.06
-12.111	20.62	0.34	0.04	45.93	0.07	0.68	0.2	0.04	1.9	0.06
-0.3	18.65	0.34	0.08	45.93	0.04	0.44	0.11	0.06	1.05	0.06
15.449	61.99	0.34	0.09	45.95	0.05	0.43	0.12	0.11	1.0	0.09
17.417	28.5	0.34	0.07	45.94	0.04	0.32	0.1	0.08	0.7	0.06
19.386	28.5	0.47	0.1	46.0	0.03	0.3	0.08	0.1	0.98	0.09
-18.017	16.68	0.33	0.05	46.26	0.04	0.54	0.1	0.07	1.35	0.08
-18.017	18.65	0.33	0.05	46.21	0.05	0.72	0.14	0.07	1.54	0.08
-18.017	24.56	0.33	0.02	46.07	0.06	2.04	0.14	0.05	3.31	0.09
-14.08	16.68	0.33	0.03	46.05	0.13	1.28	0.26	0.06	1.04	0.05
-16.048	-6.96	0.32	0.06	45.97	0.05	0.54	0.13	0.09	1.08	0.09
-12.111	4.86	0.31	0.06	45.84	0.05	0.51	0.14	0.07	1.03	0.06
-4.237	26.53	0.3	0.08	45.86	0.05	0.33	0.11	0.07	1.23	0.07
-6.206	22.59	0.28	0.06	45.98	0.05	0.41	0.14	0.07	0.75	0.06
-19.986	24.56	0.27	0.03	46.03	0.12	2.4	0.27	0.08	1.77	0.1
-19.986	28.5	0.29	0.03	45.86	0.09	1.75	0.2	0.07	1.94	0.1
-14.08	12.74	0.32	0.03	45.78	0.09	2.41	0.22	0.07	0.77	0.06
-19.986	18.65	0.31	0.03	45.69	0.1	2.02	0.23	0.09	1.28	0.09
-12.111	0.92	0.3	0.03	45.59	0.09	1.74	0.22	0.08	1.14	0.08
-12.111	2.89	0.3	0.03	45.69	0.1	2.04	0.23	0.08	1.24	0.09
-14.08	4.86	0.28	0.03	45.92	0.13	2.51	0.31	0.09	1.12	0.09
-10.143	2.89	0.28	0.03	45.53	0.1	2.09	0.24	0.08	1.25	0.08
-16.048	-4.99	0.25	0.05	45.95	0.08	0.75	0.19	0.08	1.26	0.08
-14.08	-3.02	0.25	0.04	45.85	0.1	1.55	0.25	0.08	1.16	0.08
-16.048	-10.9	0.26	0.03	45.59	0.07	1.33	0.17	0.06	2.33	0.09
-10.143	20.62	0.25	0.04	45.91	0.12	0.81	0.53	0.05	1.62	0.06
-10.143	-1.05	0.23	0.04	46.12	0.13	0.84	0.28	0.07	0.79	0.06
-10.143	-6.96	0.22	0.07	45.83	0.13	0.6	0.22	0.06	1.39	0.06
-10.143	0.92	0.22	0.06	45.96	0.37	1.14	0.6	0.07	0.97	0.07
