x	y	intensity	err intensity	velocity	err velocity	FWHM	err FWHM	rms	redchisq	resid
11.512	4.86	0.38	0.07	46.69	0.04	0.45	0.1	0.09	1.53	0.11
1.669	-1.05	1.2	0.06	46.55	0.01	0.51	0.03	0.08	0.73	0.07
1.669	-3.02	1.1	0.06	46.55	0.01	0.49	0.03	0.08	0.68	0.06
-0.3	-3.02	0.87	0.05	46.59	0.01	0.5	0.04	0.07	0.95	0.07
-0.3	-1.05	0.84	0.06	46.6	0.02	0.51	0.04	0.08	0.71	0.06
1.669	-4.99	0.62	0.06	46.6	0.02	0.46	0.05	0.06	1.07	0.06
-0.3	-4.99	0.6	0.04	46.62	0.02	0.47	0.04	0.05	1.28	0.05
-0.3	0.92	0.59	0.05	46.64	0.02	0.57	0.05	0.07	1.2	0.07
-2.268	-3.02	0.49	0.04	46.62	0.02	0.54	0.05	0.06	1.11	0.06
3.637	-4.99	0.44	0.07	46.61	0.03	0.4	0.08	0.08	1.15	0.08
-2.268	-1.05	0.4	0.05	46.63	0.04	0.61	0.08	0.07	0.71	0.06
-2.268	-4.99	0.39	0.04	46.64	0.02	0.45	0.05	0.04	2.09	0.06
-6.206	18.65	1.48	0.06	46.94	0.02	0.85	0.04	0.1	0.72	0.08
-8.174	18.65	1.47	0.05	46.9	0.01	0.79	0.03	0.09	0.81	0.08
-6.206	16.68	1.44	0.05	46.95	0.01	0.95	0.04	0.09	1.06	0.09
-8.174	16.68	1.41	0.05	46.93	0.02	0.84	0.04	0.09	0.92	0.08
-6.206	20.62	1.38	0.06	46.91	0.02	0.77	0.04	0.1	0.64	0.08
-8.174	20.62	1.36	0.05	46.86	0.01	0.72	0.03	0.08	0.86	0.07
-8.174	14.71	1.22	0.04	46.99	0.01	0.87	0.03	0.07	1.59	0.08
-6.206	14.71	1.29	0.04	47.01	0.01	1.02	0.03	0.07	2.32	0.09
-8.174	12.74	0.98	0.04	47.06	0.02	0.83	0.04	0.07	1.36	0.08
-6.206	12.74	1.04	0.04	47.08	0.02	0.98	0.04	0.07	2.03	0.1
-6.206	10.77	0.79	0.04	47.1	0.02	0.81	0.05	0.07	1.6	0.09
-10.143	16.68	0.76	0.05	46.92	0.03	0.77	0.07	0.07	1.33	0.08
-10.143	14.71	0.66	0.04	47.02	0.03	0.78	0.06	0.06	1.48	0.07
-10.143	12.74	0.59	0.06	47.06	0.04	0.78	0.1	0.1	0.71	0.08
-10.143	10.77	0.45	0.07	47.06	0.06	0.85	0.15	0.12	1.41	0.13
1.669	12.74	1.2	0.04	47.11	0.02	0.81	0.04	0.06	0.64	0.04
5.606	26.53	0.41	0.03	47.09	0.03	0.63	0.07	0.05	1.32	0.05
7.575	26.53	0.39	0.04	47.19	0.03	0.49	0.06	0.05	1.32	0.06
5.606	24.56	0.37	0.03	47.06	0.03	0.68	0.08	0.05	2.05	0.06
7.575	24.56	0.36	0.03	47.13	0.03	0.57	0.06	0.05	1.43	0.05
5.606	28.5	0.33	0.04	47.13	0.04	0.61	0.09	0.05	1.35	0.06
7.575	28.5	0.31	0.05	47.24	0.03	0.42	0.08	0.06	1.31	0.06
9.543	24.56	0.3	0.03	47.21	0.03	0.58	0.07	0.05	1.4	0.05
5.606	22.59	0.28	0.02	47.03	0.04	0.84	0.1	0.03	4.49	0.06
7.575	22.59	0.28	0.02	46.96	0.04	0.85	0.1	0.04	2.25	0.05
7.575	20.62	0.25	0.04	46.85	0.08	0.87	0.2	0.06	1.06	0.06
5.606	20.62	0.22	0.03	46.94	0.12	1.02	0.27	0.05	1.53	0.06
9.543	22.59	0.21	0.03	47.04	0.05	0.73	0.12	0.05	1.25	0.05
3.637	8.8	1.1	0.04	47.01	0.03	0.85	0.06	0.07	1.39	0.08
-0.3	14.71	0.95	0.04	47.07	0.02	0.98	0.05	0.07	1.38	0.08
-4.237	14.71	0.98	0.03	47.1	0.02	1.33	0.04	0.06	3.38	0.1
3.637	6.83	0.96	0.03	46.8	0.02	1.24	0.06	0.06	2.92	0.1
-2.268	14.71	0.92	0.03	47.12	0.02	1.22	0.05	0.06	2.83	0.1
1.669	4.86	0.85	0.02	46.9	0.02	0.88	0.04	0.04	2.16	0.06
-2.268	22.59	0.83	0.02	46.76	0.02	1.28	0.05	0.05	2.3	0.06
-2.268	16.68	0.8	0.03	47.05	0.02	1.4	0.06	0.06	2.89	0.1
-2.268	18.65	0.76	0.03	47.0	0.03	1.48	0.08	0.07	1.5	0.08
-2.268	20.62	0.75	0.04	46.9	0.04	1.45	0.09	0.08	0.97	0.07
1.669	2.89	0.68	0.03	46.71	0.02	0.9	0.05	0.05	1.66	0.07
3.637	4.86	0.9	0.03	46.72	0.02	1.26	0.06	0.06	2.35	0.08
3.637	2.89	0.87	0.03	46.62	0.04	1.11	0.08	0.06	1.16	0.06
-4.237	6.83	0.62	0.04	47.13	0.02	0.71	0.05	0.06	1.14	0.06
7.575	4.86	0.61	0.08	46.78	0.05	0.88	0.1	0.06	2.44	0.09
5.606	-3.02	0.65	0.08	46.44	0.05	0.63	0.09	0.08	0.78	0.07
-4.237	4.86	0.57	0.05	47.04	0.03	0.63	0.06	0.07	1.05	0.07
-0.3	2.89	0.53	0.03	46.8	0.02	0.72	0.05	0.05	2.06	0.07
-6.206	6.83	0.56	0.04	47.11	0.03	0.63	0.06	0.07	0.74	0.05
3.637	14.71	0.5	0.05	47.09	0.04	0.74	0.1	0.07	0.66	0.05
7.575	6.83	0.52	0.06	47.03	0.03	0.49	0.07	0.07	1.94	0.09
1.669	16.68	0.49	0.03	46.99	0.06	1.1	0.15	0.06	0.74	0.05
9.543	4.86	0.47	0.06	46.75	0.05	0.7	0.12	0.08	1.92	0.11
-6.206	4.86	0.44	0.06	47.06	0.04	0.62	0.09	0.09	1.53	0.09
9.543	6.83	0.43	0.07	46.88	0.06	0.64	0.14	0.1	2.02	0.13
-4.237	2.89	0.38	0.04	46.95	0.03	0.55	0.06	0.05	1.24	0.06
7.575	8.8	0.32	0.08	47.04	0.05	0.43	0.12	0.08	2.53	0.12
-10.143	8.8	0.3	0.04	47.05	0.08	1.22	0.19	0.09	2.13	0.12
-12.111	16.68	0.32	0.03	46.66	0.09	1.14	0.23	0.07	1.1	0.06
-2.268	0.92	0.3	0.04	46.76	0.04	0.59	0.09	0.05	1.05	0.05
7.575	12.74	0.3	0.06	46.95	0.06	0.52	0.15	0.08	1.26	0.09
-18.017	22.59	0.28	0.05	47.1	0.04	0.43	0.09	0.06	1.36	0.06
11.512	2.89	0.28	0.04	46.56	0.04	0.5	0.1	0.06	2.63	0.09
-12.111	14.71	0.27	0.03	46.91	0.11	1.3	0.24	0.06	1.08	0.06
5.606	14.71	0.25	0.05	47.09	0.07	0.6	0.16	0.07	0.84	0.06
1.669	18.65	0.34	0.03	47.28	0.06	0.98	0.13	0.05	0.99	0.05
3.637	16.68	0.24	0.04	47.17	0.07	0.81	0.18	0.06	0.76	0.05
-14.08	22.59	0.2	0.05	46.97	0.04	0.29	0.1	0.05	2.51	0.06
